1009	4
0          143.933        -0.0776646706587    -0.000258044237681
4.5191     143.579295876  -0.0788937224892    -0.000285892311844
9.0382     143.219753184  -0.0802486225516    -0.000313740386007
13.5573    142.853803202  -0.081729370846     -0.00034158846017
18.0764    142.480877211  -0.0833359673723    -0.000369436534333
22.5955    142.100406488  -0.0850684121306    -0.000397284608496
27.1146    141.711822315  -0.0869267051208    -0.000425132682659
31.6337    141.314555969  -0.088910846343     -0.000452980756822
36.1528    140.90803873   -0.0910208357971    -0.000480828830985
40.6719    140.491701877  -0.0932566734832    -0.000508676905148
45.191     140.06497669   -0.0956183594012    -0.000536524979311
49.7101    139.627294447  -0.0981058935512    -0.000564373053474
54.2292    139.179247423  -0.100105859437     -0.000406552066597
58.7483    138.722889392  -0.101822477489     -0.000353164714189
63.2674    138.259318937  -0.103297832757     -0.00029977736178
67.7865    137.78962635   -0.10453192524      -0.000246390009372
72.3056    137.314901921  -0.105524754939     -0.000193002656964
76.8247    136.83623594   -0.106276321854     -0.000139615304555
81.3438    136.354718699  -0.106786625985     -8.6227952147e-05
85.8629    135.871440488  -0.107055667331     -3.28405997387e-05
90.382     135.387491597  -0.107083445893     2.05467526696e-05
94.9011    134.903962317  -0.106869961671     7.39341050779e-05
99.4202    134.421942939  -0.106415214665     0.000127321457486
103.9393   133.935556642  -0.10939708895      -0.000763921966903
108.4584   133.433881864  -0.112515999597     -0.000616401835479
112.9775   132.919618766  -0.114968252019     -0.000468881704055
117.4966   132.395780041  -0.116753846215     -0.000321361572632
122.0157   131.865378385  -0.117872782185     -0.000173841441208
126.5348   131.331426493  -0.118325059929     -2.6321309784e-05
131.0539   130.79693706   -0.118110679447     0.00012119882164
135.573    130.264922781  -0.117229640739     0.000268718953064
140.0921   129.738396352  -0.115681943805     0.000416239084487
144.6112   129.220370468  -0.113467588646     0.000563759215911
149.1303   128.713857824  -0.11058657526      0.000711279347335
153.6494   128.242443782  -0.0948877244582    0.00436735306338
158.1685   127.857638534  -0.07554538133      0.00419291032009
162.6876   127.558462011  -0.0569913624031    0.0040184675768
167.2067   127.341351697  -0.0392256676774    0.00384402483351
171.7258   127.202745076  -0.0222482971529    0.00366958209022
176.2449   127.139079633  -0.00605925082958   0.00349513934693
180.764    127.14679285   0.00934147129255    0.00332069660365
185.2831   127.222322213  0.0239538692135     0.00314625386036
189.8022   127.362105206  0.0377779429332     0.00297181111707
194.3213   127.562579312  0.0508136924518     0.00279736837378
198.8404   127.820182016  0.0630611177691     0.00262292563049
203.3595   128.141846548  0.081400287021      0.00471585123526
207.8786   128.557450165  0.10244176813       0.00459639284377
212.3977   129.066922533  0.122943404822      0.00447693445229
216.9168   129.667824042  0.142905197096      0.00435747606081
221.4359   130.357715082  0.162327144954      0.00423801766932
225.955    131.13415604   0.181209248395      0.00411855927784
230.4741   131.994707307  0.199551507419      0.00399910088635
234.9932   132.936929271  0.217353922026      0.00387964249487
239.5123   133.958382321  0.234616492216      0.00376018410339
244.0314   135.056626847  0.25133921799       0.0036407257119
248.5505   136.229223238  0.267522099346      0.00352126732042
253.0696   137.464002033  0.275972812163      0.000816705891523
257.5887   138.720340365  0.280227928642      0.00106646397808
262.1078   139.998458306  0.28561172689       0.00131622206463
266.6269   141.303456483  0.292124206906      0.00156598015119
271.146    142.640435522  0.299765368692      0.00181573823774
275.6651   144.014496047  0.308535212247      0.00206549632429
280.1842   145.430738686  0.31843373757       0.00231525441085
284.7033   146.894264063  0.329460944663      0.0025650124974
289.2224   148.410172804  0.341616833524      0.00281477058396
293.7415   149.983565536  0.354901404155      0.00306452867051
298.2606   151.619542884  0.369314656554      0.00331428675706
302.7797   153.315138719  0.377741693306      0.000393234806347
307.2988   155.026384247  0.379636705854      0.000445433312494
311.8179   156.746726531  0.381767608671      0.000497631818641
316.337    158.477231585  0.384134401757      0.000549830324788
320.8561   160.218965419  0.386737085112      0.000602028830935
325.3752   161.972994045  0.389575658737      0.000654227337082
329.8943   163.740383475  0.39265012263       0.000706425843228
334.4134   165.52219972   0.395960476793      0.000758624349375
338.9325   167.319508793  0.399506721225      0.000810822855522
343.4516   169.133376705  0.403288855926      0.000863021361669
347.9707   170.964869468  0.407306880896      0.000915219867816
352.4898   172.815790675  0.412301432398      0.00129590217891
357.0089   174.691399841  0.417590242023      0.00104474512922
361.528    176.588345068  0.421744047825      0.000793588079524
366.0471   178.501497162  0.424762849803      0.000542431029832
370.5662   180.425726926  0.426646647959      0.000291273980141
375.0853   182.355905164  0.427395442291      4.01169304488e-05
379.6044   184.28690268   0.427009232799      -0.000211040119243
384.1235   186.21359028   0.425488019485      -0.000462197168935
388.6426   188.130838766  0.422831802347      -0.000713354218626
393.1617   190.033518944  0.419040581386      -0.000964511268318
397.6808   191.916501617  0.414114356602      -0.00121566831801
402.1999   193.77462784   0.408033408092      -0.00144007221853
406.719    195.603830355  0.401501352814      -0.0014507933423
411.2381   197.403404384  0.394920847706      -0.00146151446607
415.7572   199.173130977  0.388291892767      -0.00147223558984
420.2763   200.912791186  0.381614487998      -0.00148295671361
424.7954   202.622166059  0.374888633398      -0.00149367783737
429.3145   204.301036649  0.368114328968      -0.00150439896114
433.8336   205.949184004  0.361291574708      -0.00151512008491
438.3527   207.566389176  0.354420370617      -0.00152584120868
442.8718   209.152433215  0.347500716695      -0.00153656233245
447.3909   210.707097171  0.340532612944      -0.00154728345622
451.91     212.228948359  0.33134308273       -0.00347798277665
456.4291   213.691813945  0.316294361695      -0.00318206946175
460.9482   215.089694465  0.302582902521      -0.00288615614685
465.4673   216.428633141  0.290208705208      -0.00259024283194
469.9864   217.714673191  0.279171769757      -0.00229432951704
474.5055   218.953857837  0.269472096167      -0.00199841620214
479.0246   220.152230298  0.261109684439      -0.00170250288723
483.5437   221.315833793  0.254084534572      -0.00140658957233
488.0628   222.450711545  0.248396646566      -0.00111067625743
492.5819   223.562906771  0.244046020422      -0.000814762942526
497.101    224.658462693  0.241032656139      -0.000518849627623
501.6201   225.742939247  0.238010453085      -0.00210822235422
506.1392   226.797330261  0.228699144345      -0.00201264628783
510.6583   227.81061848   0.219819753407      -0.00191707022144
515.1774   228.784755783  0.21137228027       -0.00182149415505
519.6965   229.72169405   0.203356724934      -0.00172591808867
524.2156   230.62338516   0.195773087401      -0.00163034202228
528.7347   231.491780995  0.188621367669      -0.00153476595589
533.2538   232.328833432  0.181901565738      -0.0014391898895
537.7729   233.136494353  0.175613681609      -0.00134361382312
542.292    233.916715636  0.169757715282      -0.00124803775673
546.8111   234.671449162  0.164333666756      -0.00115246169034
551.3302   235.402530517  0.15879760688       -0.002344169813
555.8493   236.094902415  0.147331944382      -0.00273014254907
560.3684   236.731518618  0.134122032492      -0.00311611528515
564.8875   237.30449669   0.119167871212      -0.00350208802122
569.4066   237.805954192  0.102469460539      -0.00388806075729
573.9257   238.228008689  0.084026800475      -0.00427403349337
578.4448   238.562777741  0.0638398910193     -0.00466000622944
582.9639   238.802378913  0.0419087321721     -0.00504597896551
587.483    238.938929765  0.0182333239332     -0.00543195170159
592.0021   238.964547862  -0.00718633369722   -0.00581792443766
596.5212   238.871350765  -0.0343502407192    -0.00620389717373
601.0403   238.651458266  -0.0631477602117    -0.00384191616054
605.5594   238.32754372   -0.0800538240105    -0.00364013283098
610.0785   237.929289418  -0.0960480087647    -0.00343834950143
614.5976   237.460816231  -0.111130314474     -0.00323656617188
619.1167   236.926245034  -0.125300741139     -0.00303478284233
623.6358   236.329696697  -0.13855928876      -0.00283299951277
628.1549   235.675292094  -0.150905957336     -0.00263121618322
632.674    234.967152097  -0.162340746867     -0.00242943285367
637.1931   234.20939758   -0.172863657354     -0.00222764952412
641.7122   233.406149414  -0.182474688796     -0.00202586619456
646.2313   232.561528472  -0.191173841193     -0.00182408286501
650.7504   231.679655627  -0.198961114546     -0.00162229953546
655.2695   230.754218879  -0.210590696794     -0.00238073339827
659.7886   229.780243458  -0.220011825745     -0.00178873793534
664.3077   228.769737958  -0.226757668001     -0.00119674247241
668.8268   227.734792266  -0.23082822356      -0.00060474700948
673.3459   226.687496271  -0.232223492422     -1.27515465485e-05
677.865    225.63993986   -0.230943474588     0.000579243916383
682.3841   224.604212921  -0.226988170057     0.00117123937931
686.9032   223.592405344  -0.22035757883      0.00176323484224
691.4223   222.616607015  -0.211051700906     0.00235523030518
695.9414   221.688907823  -0.199070536285     0.00294722576811
700.4605   220.821397657  -0.184414084968     0.00353922123104
704.9796   220.00663676   -0.177716163176     0.00107995465568
709.4987   219.214626774  -0.172782919699     0.0011033311651
714.0178   218.445149309  -0.167744035439     0.00112670767452
718.5369   217.698681766  -0.162599510395     0.00115008418395
723.056    216.975701548  -0.157349344568     0.00117346069337
727.5751   216.276686054  -0.151993537957     0.0011968372028
732.0942   215.602112687  -0.146532090562     0.00122021371222
736.6133   214.952458847  -0.140965002383     0.00124359022165
741.1324   214.328201936  -0.13529227342      0.00126696673107
745.6515   213.729819355  -0.129513903674     0.00129034324049
750.1706   213.157788505  -0.123629893144     0.00131371974992
754.6897   212.612726129  -0.117584542618     0.00133006177992
759.2088   212.094797855  -0.111662420283     0.00129086819936
763.7279   211.603232034  -0.105917417658     0.0012516746188
768.247    211.137228244  -0.100349534743     0.00121248103824
772.7661   210.695986062  -0.0949587715384    0.00117328745768
777.2852   210.278705068  -0.0897451280433    0.00113409387712
781.8043   209.884584839  -0.0847086042581    0.00109490029657
786.3234   209.512824954  -0.0798492001829    0.00105570671601
790.8425   209.16262499   -0.0751669158175    0.00101651313545
795.3616   208.833184528  -0.070661751162     0.000977319554891
799.8807   208.523703144  -0.0663337062165    0.000938125974332
804.3998   208.245829831  -0.0540794674016    0.00340335464446
808.9189   208.034039157  -0.040128141722     0.00277102772353
813.438    207.878839145  -0.0290343646308    0.0021387008026
817.9571   207.767316247  -0.0207981361279    0.00150637388167
822.4762   207.686556915  -0.0154194562134    0.000874046960742
826.9953   207.623647602  -0.0128983248873    0.000241720039811
831.5144   207.565674759  -0.0132347421496    -0.00039060688112
836.0335   207.499724839  -0.0164287080003    -0.00102293380205
840.5526   207.412884294  -0.0224802224393    -0.00165526072298
845.0717   207.292239577  -0.0313892854667    -0.00228758764391
849.5908   207.124877139  -0.0431558970825    -0.00291991456484
854.1099   206.911792304  -0.0472020409235    0.000408225471166
858.629    206.699406627  -0.0475103421883    -0.000544669127991
863.1481   206.475897573  -0.0521248694361    -0.00149756372715
867.6672   206.221804877  -0.061045622667     -0.0024504583263
872.1863   205.917668271  -0.0742726018809    -0.00340335292546
876.7054   205.544027491  -0.0918058070779    -0.00435624752462
881.2245   205.081422271  -0.113645238258     -0.00530914212377
885.7436   204.510392344  -0.139790895421     -0.00626203672293
890.2627   203.811477444  -0.170242778567     -0.00721493132209
894.7818   202.965217307  -0.205000887696     -0.00816782592124
899.3009   201.952151666  -0.244065222808     -0.0091207205204
903.82     200.769286145  -0.272938143517     -0.00343294158963
908.3391   199.502747636  -0.287157127825     -0.00285989738637
912.8582   198.177803546  -0.298786468074     -0.00228685318311
917.3773   196.806156734  -0.307826164265     -0.00171380897984
921.8964   195.399510062  -0.314276216396     -0.00114076477658
926.4155   193.969566389  -0.318136624468     -0.000567720573323
930.9346   192.528028576  -0.319407388482     5.32362993731e-06
935.4537   191.086599484  -0.318088508436     0.000578367833198
939.9728   189.656981972  -0.314179984332     0.00115141203646
944.4919   188.250878903  -0.307681816168     0.00172445623972
949.011    186.879993135  -0.298594003946     0.00229750044298
953.5301   185.550258978  -0.292942387037     -0.000326681498272
958.0492   184.223839268  -0.293919466151     -0.000105740494273
962.5683   182.895260098  -0.293898090773     0.000115200509726
967.0874   181.569033583  -0.292878260904     0.000336141513725
971.6065   180.249671839  -0.290859976543     0.000557082517725
976.1256   178.941686981  -0.287843237692     0.000778023521724
980.6447   177.649591126  -0.283828044349     0.000998964525723
985.1638   176.37789639   -0.278814396515     0.00121990552972
989.6829   175.131114886  -0.272802294191     0.00144084653372
994.202    173.913758733  -0.265791737374     0.00166178753772
998.7211   172.730340044  -0.257782726067     0.00188272854172
1003.2402  171.590893161  -0.24167154389      0.00658522965569
1007.7593  170.564140526  -0.213145274601     0.00603952717175
1012.2784  169.660728713  -0.187085089407     0.00549382468781
1016.7975  168.869513244  -0.163490988308     0.00494812220387
1021.3166  168.179349636  -0.142362971304     0.00440241971993
1025.8357  167.57909341   -0.123701038395     0.00385671723599
1030.3548  167.057600084  -0.107505189581     0.00331101475205
1034.8739  166.603725178  -0.0937754248629    0.00276531226811
1039.393   166.206324212  -0.0825117442397    0.00221960978417
1043.9121  165.854252704  -0.0737141477116    0.00167390730023
1048.4312  165.536366175  -0.0673826352787    0.00112820481629
1052.9503  165.24105916   -0.0642808773184    1.72764152312e-05
1057.4694  164.951525047  -0.0636842125714    0.000246787113765
1061.9885  164.667030886  -0.0620503660267    0.000476297812298
1066.5076  164.392263805  -0.0593793376843    0.000705808510832
1071.0267  164.131910933  -0.0556711275441    0.000935319209365
1075.5458  163.890659396  -0.0509257356062    0.0011648299079
1080.0649  163.673196325  -0.0451431618706    0.00139434060643
1084.584   163.484208847  -0.0383234063372    0.00162385130497
1089.1031  163.32838409   -0.030466469006     0.0018533620035
1093.6222  163.210409183  -0.0215723498772    0.00208287270203
1098.1413  163.134971253  -0.0116410489505    0.00231238340057
1102.6604  163.106027142  -0.00259759652854   -6.39773654343e-06
1107.1795  163.094328992  -0.00255615598996   2.47379098463e-05
1111.6986  163.083136046  -0.00237401035177   5.5873556236e-05
1116.2177  163.073084165  -0.00205115961398   8.70092026257e-05
1120.7368  163.064809209  -0.0015876037766    0.000118144849015
1125.2559  163.058947038  -0.000983342839612  0.000149280495405
1129.775   163.056133513  -0.000238376803026  0.000180416141795
1134.2941  163.057004495  0.000647294333159   0.000211551788185
1138.8132  163.062195842  0.00167367056894    0.000242687434574
1143.3323  163.072343417  0.00284075190433    0.000273823080964
1147.8514  163.08808308   0.00414853833931    0.000304958727354
1152.3705  163.110027178  0.00546996673645    -8.00717743249e-06
1156.8896  163.13467514   0.00544068376993    -4.95246785905e-06
1161.4087  163.159221961  0.00542520534145    -1.8977582856e-06
1165.9278  163.183730025  0.005423531451      1.15695128784e-06
1170.4469  163.208261717  0.00543566209858    4.21166086129e-06
1174.966   163.232879421  0.00546159728419    7.26637043473e-06
1179.4851  163.257645521  0.00550133700784    1.03210800082e-05
1184.0042  163.2826224    0.00555488126952    1.33757895816e-05
1188.5233  163.307872443  0.00562223006924    1.64304991551e-05
1193.0424  163.333458034  0.00570338340699    1.94852087285e-05
1197.5615  163.359441558  0.00579834128277    2.2539918302e-05
1202.0806  163.385885397  0.00590710369658    2.55946278754e-05
1206.5997  163.4128051    0.00600392434806    1.96416289058e-05
1211.1188  163.44012593   0.0060846756477     1.60961505819e-05
1215.6379  163.46777548   0.00614940457625    1.25506722579e-05
1220.157   163.495681343  0.0061981111337     9.00519393397e-06
1224.6761  163.523771113  0.00623079532006    5.45971561003e-06
1229.1952  163.551972382  0.00624745713533    1.91423728609e-06
1233.7143  163.580212744  0.0062480965795     -1.63124103786e-06
1238.2334  163.608419793  0.00623271365258    -5.1767193618e-06
1242.7525  163.636521121  0.00620130835456    -8.72219768574e-06
1247.2716  163.664444323  0.00615388068546    -1.22676760097e-05
1251.7907  163.69211699   0.00609043064525    -1.58131543336e-05
1256.3098  163.718252421  0.0054366360247     -0.000153953803968
1260.8289  163.741250385  0.00474176921228    -0.000153570620107
1265.348   163.761112088  0.00404863404605    -0.000153187436247
1269.8671  163.777845358  0.003357230526      -0.000152804252386
1274.3862  163.791458018  0.00266755865213    -0.000152421068525
1278.9053  163.801957895  0.00197961842446    -0.000152037884664
1283.4244  163.809352814  0.00129340984296    -0.000151654700804
1287.9435  163.8136506    0.000608932907652   -0.000151271516943
1292.4626  163.814859079  -7.38123814719e-05  -0.000150888333082
1296.9817  163.812986077  -0.000754826024411  -0.000150505149221
1301.5008  163.808039419  -0.00143410802116   -0.000150121965361
1306.0199  163.782645558  -0.0109869243369    -0.00229632987701
1310.539   163.71097188   -0.0204179781141    -0.00187753384683
1315.0581  163.600954709  -0.0279564507513    -0.00145873781666
1319.5772  163.461146808  -0.0336023422486    -0.00103994178648
1324.0963  163.300100941  -0.0373556526059    -0.000621145756299
1328.6154  163.12636987   -0.0392163818232    -0.000202349726121
1333.1345  162.94850636   -0.0391845299005    0.000216446304057
1337.6536  162.775063173  -0.0372600968379    0.000635242334235
1342.1727  162.614593073  -0.0334430826352    0.00105403836441
1346.6918  162.475648825  -0.0277334872926    0.00147283439459
1351.2109  162.36678319   -0.02013131081      0.00189163042477
1355.73    162.285532968  -0.0171830987387    0.000294020033176
1360.2491  162.211341781  -0.0155499005379    0.000428777957946
1364.7682  162.145907211  -0.0133077177992    0.000563535882716
1369.2873  162.09198132   -0.0104565505227    0.000698293807487
1373.8064  162.05231617   -0.0069963987084    0.000833051732257
1378.3255  162.029663823  -0.00292726235625   0.000967809657027
1382.8446  162.026776342  0.00175085853374    0.0011025675818
1387.3637  162.046405787  0.00703796396155    0.00123732550657
1391.8828  162.091304221  0.0129340539272     0.00137208343134
1396.4019  162.164223707  0.0194391284307     0.00150684135611
1400.921   162.267916306  0.026553187472      0.00164159928088
1405.4401  162.406457386  0.034978533807      0.0018413254959
1409.9592  162.582109331  0.0424887330211     0.00148243331186
1414.4783  162.788035922  0.0483770625662     0.00112354112782
1418.9974  163.016907767  0.0526435224425     0.000764648943776
1423.5165  163.261395476  0.0552881126499     0.000405756759734
1428.0356  163.514169657  0.0563108331883     4.68645756927e-05
1432.5547  163.767900918  0.0557116840579     -0.000312027608349
1437.0738  164.015259869  0.0534906652586     -0.00067091979239
1441.5929  164.248917118  0.0496477767903     -0.00102981197643
1446.112   164.461543275  0.0441830186532     -0.00138870416047
1450.6311  164.645808947  0.0370963908471     -0.00174759634452
1455.1502  164.801659449  0.0339516712198     7.64878708888e-05
1459.6693  164.955620289  0.0341305781876     2.6902698003e-06
1464.1884  165.10963607   0.0339759864163     -7.11073312882e-05
1468.7075  165.262199678  0.033487895906      -0.000144904932377
1473.2266  165.411803999  0.0326663066565     -0.000218702533465
1477.7457  165.556941919  0.031511218668      -0.000292500134554
1482.2648  165.696106324  0.0300226319404     -0.000366297735642
1486.7839  165.8277901    0.0282005464737     -0.000440095336731
1491.303   165.950486132  0.026044962268      -0.000513892937819
1495.8221  166.062687307  0.0235558793231     -0.000587690538908
1500.3412  166.162886509  0.0207332976392     -0.000661488139996
1504.8603  166.250542582  0.0184584540679     -0.000310208253115
1509.3794  166.331018521  0.0172078945856     -0.000243246851815
1513.8985  166.406526809  0.0162599403718     -0.000176285450514
1518.4176  166.478434949  0.0156145914267     -0.000109324049214
1522.9367  166.548110444  0.0152718477502     -4.23626479138e-05
1527.4558  166.616920798  0.0152317093424     2.45987533865e-05
1531.9749  166.686233514  0.0154941762031     9.15601546868e-05
1536.494   166.757416096  0.0160592483325     0.000158521555987
1541.0131  166.831836047  0.0169269257304     0.000225482957287
1545.5322  166.91086087   0.018097208397      0.000292444358588
1550.0513  166.99585807   0.0195700963322     0.000359405759888
1554.5704  167.087497402  0.0205909736761     9.24738719108e-06
1559.0895  167.180647607  0.0206348279361     1.01610171763e-05
1563.6086  167.274005323  0.0206828109815     1.10746471615e-05
1568.1277  167.367589209  0.0207349228121     1.19882771468e-05
1572.6468  167.461417922  0.020791163428      1.2901907132e-05
1577.1659  167.555510122  0.0208515328292     1.38155371172e-05
1581.685   167.649884466  0.0209160310156     1.47291671025e-05
1586.2041  167.744559613  0.0209846579873     1.56427970877e-05
1590.7232  167.839554221  0.0210574137442     1.65564270729e-05
1595.2423  167.934886949  0.0211342982864     1.74700570581e-05
1599.7614  168.030576455  0.0212153116139     1.83836870434e-05
1604.2805  168.126713699  0.0213905634902     7.36889560605e-05
1608.7996  168.22408432   0.0216917581414     5.96095552194e-05
1613.3187  168.322672303  0.0219293265722     4.55301543784e-05
1617.8378  168.422190115  0.0221032687827     3.14507535373e-05
1622.3569  168.522350222  0.0222135847728     1.73713526962e-05
1626.876   168.622865092  0.0222602745426     3.29195185514e-06
1631.3951  168.723447191  0.0222433380921     -1.07874489859e-05
1635.9142  168.823808986  0.0221627754212     -2.4866849827e-05
1640.4333  168.923662944  0.02201858653       -3.89462506681e-05
1644.9524  169.02272153   0.0218107714184     -5.30256515092e-05
1649.4715  169.120697213  0.0215393300865     -6.71050523502e-05
1653.9906  169.2168197    0.020401386104      -0.00073518485888
1658.5097  169.301986315  0.0173961866111     -0.000594814252815
1663.0288  169.375005476  0.0150253359242     -0.00045444364675
1667.5479  169.438743868  0.0132888340431     -0.000314073040684
1672.067   169.496068178  0.0121866809679     -0.000173702434619
1676.5861  169.54984509   0.0117188766985     -3.33318285538e-05
1681.1052  169.602941291  0.011885421235      0.000107038777511
1685.6243  169.658223466  0.0126863145774     0.000247409383577
1690.1434  169.718558301  0.0141215567257     0.000387779989642
1694.6625  169.786812482  0.0161911476798     0.000528150595707
1699.1816  169.865852694  0.0188950874398     0.000668521201772
1703.7007  169.95837198   0.0217957039949     0.000247505836742
1708.2198  170.059306405  0.0228545573694     0.000221106663314
1712.7389  170.16475633   0.0237941102393     0.000194707489886
1717.258   170.274182622  0.0246143626045     0.000168308316459
1721.7771  170.387046152  0.0253153144651     0.000141909143031
1726.2962  170.502807787  0.0258969658211     0.000115509969604
1730.8153  170.620928398  0.0263593166724     8.91107961759e-05
1735.3344  170.740868853  0.0267023670191     6.27116227483e-05
1739.8535  170.862090021  0.0269261168611     3.63124493207e-05
1744.3726  170.984052772  0.0270305661985     9.91327589307e-06
1748.8917  171.106217974  0.0270157150313     -1.64858975346e-05
1753.4108  171.228081353  0.0270509733064     0.000367402386753
1757.9299  171.353831669  0.0285471103186     0.000294736982663
1762.449   171.485601182  0.0297148651031     0.000222071578574
1766.9681  171.621905899  0.03055423766       0.000149406174485
1771.4872  171.761261828  0.0310652279893     7.67407703957e-05
1776.0063  171.902184978  0.031247836091      4.07536630648e-06
1780.5254  172.043191357  0.0311020619651     -6.85900377827e-05
1785.0445  172.182796971  0.0306279056115     -0.000141255441872
1789.5636  172.319517829  0.0298253670304     -0.000213920845961
1794.0827  172.451869939  0.0286944462216     -0.00028658625005
1798.6018  172.578369309  0.0272351431852     -0.00035925165414
1803.1209  172.697531682  0.0254221542631     -0.00164180581177
1807.64    172.796600984  0.0186324908964     -0.00136306832986
1812.1591  172.867833344  0.0131024700842     -0.00108433084796
1816.6782  172.916921213  0.0088320918264     -0.000805593366051
1821.1973  172.94955704   0.00582135612312    -0.000526855884145
1825.7164  172.971433277  0.00407026297432    -0.000248118402239
1830.2355  172.988242375  0.00357881238       3.06190796663e-05
1834.7546  173.005676783  0.00434700434016    0.000309356561572
1839.2737  173.029428953  0.0063748388548     0.000588094043478
1843.7928  173.065191335  0.00966231592392    0.000866831525383
1848.3119  173.11865638   0.0142094355475     0.00114556900729
1852.831   173.195516539  0.0200161977256     0.00142430648919
1857.3501  173.28907422   0.0209534210235     0.000111794886656
1861.8692  173.385007303  0.0215256330623     0.000141446705147
1866.3883  173.483829049  0.022231844634      0.000171098523638
1870.9074  173.586145014  0.0230720557386     0.000200750342129
1875.4265  173.692560755  0.0240462663762     0.00023040216062
1879.9456  173.803681831  0.0251544765468     0.000260053979111
1884.4647  173.920113798  0.0263966862502     0.000289705797602
1888.9838  174.042462213  0.0277728954866     0.000319357616093
1893.5029  174.171332634  0.029283104256      0.000349009434584
1898.022   174.307330618  0.0309273125583     0.000378661253075
1902.5411  174.451061723  0.0327055203935     0.000408313071567
1907.0602  174.601102954  0.0335115547431     0.000122073363639
1911.5793  174.75371482   0.0340122935949     9.95366258566e-05
1916.0984  174.908359449  0.0344111866749     7.69998880739e-05
1920.6175  175.064576591  0.0347082339833     5.44631502913e-05
1925.1366  175.221905993  0.0349034355199     3.19264125086e-05
1929.6557  175.379887404  0.0349967912848     9.38967472588e-06
1934.1748  175.538060575  0.034988301278      -1.31470630568e-05
1938.6939  175.695965252  0.0348779654995     -3.56838008395e-05
1943.213   175.853141185  0.0346657839492     -5.82205386222e-05
1947.7321  176.009128123  0.0343517566273     -8.07572764049e-05
1952.2512  176.163465815  0.0339358835336     -0.000103294014188
1956.7703  176.314816824  0.0329445155183     -0.000234749610537
1961.2894  176.461466997  0.0319949677402     -0.000185487949225
1965.8085  176.604329086  0.0312680383356     -0.000136226287912
1970.3276  176.744409126  0.0307637273048     -8.69646265996e-05
1974.8467  176.882713151  0.0304820346475     -3.7702965287e-05
1979.3658  177.020247196  0.0304229603639     1.15586960256e-05
1983.8849  177.158017296  0.0305865044539     6.08203573383e-05
1988.404   177.297029486  0.0309726669176     0.000110082018651
1992.9231  177.438289799  0.0315814477549     0.000159343679963
1997.4422  177.582804272  0.0324128469658     0.000208605341276
2001.9613  177.731578938  0.0334668645504     0.000257867002589
2006.4804  177.889415113  0.0372018965627     0.00109960325055
2010.9995  178.068874122  0.042245280955      0.0011324271946
2015.5186  178.271459858  0.0474370000329     0.00116525113865
2020.0377  178.497842662  0.0527770537964     0.0011980750827
2024.5568  178.748692872  0.0582654422454     0.00123089902675
2029.0759  179.024680828  0.0639021653799     0.0012637229708
2033.595   179.32647687   0.0696872232        0.00129654691485
2038.1141  179.654751336  0.0756206157057     0.0013293708589
2042.6332  180.010174565  0.0817023428969     0.00136219480294
2047.1523  180.393416898  0.0879324047737     0.00139501874699
2051.6714  180.805148672  0.094310801336      0.00142784269104
2056.1905  181.242520891  0.0981914864259     0.00044382244387
2060.7096  181.690520172  0.100018061443      0.000364557550919
2065.2287  182.145964544  0.101486430483      0.000285292657969
2069.7478  182.607235239  0.102596593544      0.000206027765019
2074.2669  183.072713486  0.103348550628      0.000126762872069
2078.786   183.540780519  0.103742301735      4.74979791183e-05
2083.3051  184.009817568  0.103777846863      -3.17669138319e-05
2087.8242  184.478205865  0.103455186014      -0.000111031806782
2092.3433  184.944326641  0.102774319187      -0.000190296699732
2096.8624  185.406561127  0.101735246383      -0.000269561592683
2101.3815  185.863290555  0.1003379676        -0.000348826485633
2105.9006  186.314747748  0.100185619746      0.000260237072562
2110.4197  186.769770364  0.101107048615      0.000147556014142
2114.9388  187.227806407  0.101519260513      3.4874955723e-05
2119.4579  187.686554677  0.10142225544       -7.78061026963e-05
2123.977   188.143713969  0.100816033396      -0.000190487161116
2128.4961  188.596983082  0.0997005943802     -0.000303168219535
2133.0152  189.044060814  0.0980759383938     -0.000415849277954
2137.5343  189.482645961  0.0959420654362     -0.000528530336373
2142.0534  189.910437322  0.0932989755076     -0.000641211394793
2146.5725  190.325133694  0.0901466686078     -0.000753892453212
2151.0916  190.724433875  0.086485144737      -0.000866573511631
2155.6107  191.103336893  0.0795551457787     -0.00231865351686
2160.1298  191.440480827  0.0699414844568     -0.00193602609717
2164.6489  191.738086724  0.0620569547072     -0.00155339867749
2169.168   192.003968701  0.0559015565299     -0.00117077125781
2173.6871  192.245940878  0.0514752899249     -0.000788143838124
2178.2062  192.471817373  0.0487781548922     -0.000405516418441
2182.7253  192.689412304  0.0478101514317     -2.2888998758e-05
2187.2444  192.90653979   0.0485712795436     0.000359738420925
2191.7635  193.131013949  0.0510615392277     0.000742365840608
2196.2826  193.3706489    0.0552809304842     0.00112499326029
2200.8017  193.633258761  0.0612294533129     0.00150762067997
2205.3208  193.924628435  0.0662059408399     4.98872880834e-05
2209.8399  194.224332549  0.0664336707913     5.0898245067e-05
2214.359   194.525076121  0.0666659693584     5.19092020506e-05
2218.8781  194.826879796  0.0669028365413     5.29201590342e-05
2223.3972  195.12976422   0.0671442723398     5.39311160178e-05
2227.9163  195.43375004   0.0673902767541     5.49420730014e-05
2232.4354  195.738857901  0.067640849784      5.5953029985e-05
2236.9545  196.045108451  0.0678959914297     5.69639869686e-05
2241.4736  196.352522333  0.0681557016911     5.79749439522e-05
2245.9927  196.661120196  0.0684199805681     5.89859009358e-05
2250.5118  196.970922684  0.0686888280609     5.99968579194e-05
2255.0309  197.282577752  0.0700603931724     0.00100220898156
2259.55    197.608613114  0.0740529200891     0.000764747676453
2264.0691  197.950266355  0.0769723356218     0.000527286371344
2268.5882  198.302687978  0.0788186397705     0.000289825066235
2273.1073  198.661028486  0.0795918325354     5.23637611256e-05
2277.6264  199.02043838   0.0792919139164     -0.000185097543984
2282.1455  199.376068163  0.0779188839134     -0.000422558849093
2286.6646  199.723068337  0.0754727425265     -0.000660020154202
2291.1837  200.056589405  0.0719534897557     -0.000897481459311
2295.7028  200.371781869  0.0673611256009     -0.00113494276442
2300.2219  200.663796231  0.0616956500623     -0.00137240406953
2304.741   200.92795618   0.0553785267579     -0.00107445050253
2309.2601  201.167691222  0.050818588335      -0.000943623194832
2313.7792  201.388155342  0.0468498715984     -0.000812795887133
2318.2983  201.592020329  0.0434723765479     -0.000681968579434
2322.8174  201.781957972  0.0406861031837     -0.000551141271734
2327.3365  201.960640063  0.0384910515058     -0.000420313964035
2331.8556  202.130738391  0.036887221514      -0.000289486656336
2336.3747  202.294924745  0.0358746132085     -0.000158659348637
2340.8938  202.455870916  0.0354532265891     -2.78320409382e-05
2345.4129  202.616248694  0.035623061656      0.000102995266761
2349.932   202.778729869  0.0363841184092     0.00023382257446
2354.4511  202.945917625  0.0374317249597     -0.000314095427475
2358.9702  203.112085064  0.0361563523213     -0.00025034113662
2363.4893  203.273139971  0.0351690916987     -0.000186586845765
2368.0084  203.430384351  0.0344699430919     -0.000122832554911
2372.5275  203.585120213  0.0340589065009     -5.9078264056e-05
2377.0466  203.738649562  0.0339359819257     4.67602679879e-06
2381.5657  203.892274407  0.0341011693663     6.84303176535e-05
2386.0848  204.047296754  0.0345544688227     0.000132184608508
2390.6039  204.205018609  0.0352958802949     0.000195938899363
2395.123   204.366741981  0.0363254037829     0.000259693190218
2399.6421  204.533768876  0.0376430392867     0.000323447481073
2404.1612  204.707402037  0.0392728066102     0.0007790835753
2408.6803  204.892751179  0.0427378506987     0.000754427118646
2413.1994  205.093507432  0.046091469794      0.000729770661992
2417.7185  205.309167254  0.0493336638959     0.000705114205337
2422.2376  205.539227106  0.0524644330046     0.000680457748683
2426.7567  205.783183446  0.0554837771201     0.000655801292029
2431.2758  206.040532733  0.0583916962423     0.000631144835374
2435.7949  206.310771428  0.0611881903712     0.00060648837872
2440.314   206.593395989  0.0638732595068     0.000581831922066
2444.8331  206.887902875  0.0664469036492     0.000557175465412
2449.3522  207.193788546  0.0689091227983     0.000532519008757
2453.8713  207.510549462  0.0712599169541     0.000507862552103
2458.3904  207.835750621  0.0726152039469     0.000299266983215
2462.9095  208.167076423  0.0740436851065     0.000332930206331
2467.4286  208.505201415  0.0756242937378     0.000366593429446
2471.9477  208.850813075  0.0773570298406     0.000400256652562
2476.4668  209.204598882  0.0792418934149     0.000433919875677
2480.9859  209.567246316  0.0812788844609     0.000467583098793
2485.505   209.939442855  0.0834680029785     0.000501246321908
2490.0241  210.32187598   0.0858092489676     0.000534909545024
2494.5432  210.715233169  0.0883026224283     0.000568572768139
2499.0623  211.120201902  0.0909481233606     0.000602235991255
2503.5814  211.537469657  0.0937457517644     0.00063589921437
2508.1005  211.963294774  0.0943463099203     3.69270577233e-05
2512.6196  212.390029404  0.0945112974453     3.60908108974e-05
2517.1387  212.81750109   0.0946725058873     3.52545640715e-05
2521.6578  213.245692754  0.0948299352463     3.44183172456e-05
2526.1769  213.674587318  0.0949835855222     3.35820704197e-05
2530.696   214.104167704  0.0951334567152     3.27458235938e-05
2535.2151  214.534416834  0.095279548825      3.19095767679e-05
2539.7342  214.96531763   0.0954218618519     3.1073329942e-05
2544.2533  215.396853013  0.0955603957957     3.02370831161e-05
2548.7724  215.829005906  0.0956951506565     2.94008362902e-05
2553.2915  216.261759231  0.0958261264343     2.85645894644e-05
2557.8106  216.695145288  0.095982394475      3.63536590747e-05
2562.3297  217.129268608  0.0961453984931     3.57863767987e-05
2566.8488  217.564122767  0.0963058389058     3.52190945228e-05
2571.3679  217.99969618   0.0964637157132     3.46518122468e-05
2575.887   218.435977261  0.0966190289152     3.40845299709e-05
2580.4061  218.872954425  0.096771778512      3.35172476949e-05
2584.9252  219.310616088  0.0969219645034     3.2949965419e-05
2589.4443  219.748950663  0.0970695868894     3.2382683143e-05
2593.9634  220.187946566  0.0972146456701     3.18154008671e-05
2598.4825  220.627592212  0.0973571408455     3.12481185911e-05
2603.0016  221.067876015  0.0974970724156     3.06808363152e-05
2607.5207  221.511037807  0.0991304216851     0.000530642329168
2612.0398  221.964488453  0.10156289982       0.000545889783454
2616.5589  222.429087404  0.104064282726      0.00056113723774
2621.078   222.905146049  0.106634570402      0.000576384692026
2625.5971  223.392975774  0.109273762849      0.000591632146312
2630.1162  223.892887968  0.111981860067      0.000606879600597
2634.6353  224.405194018  0.114758862056      0.000622127054883
2639.1544  224.930205311  0.117604768815      0.000637374509169
2643.6735  225.468233235  0.120519580344      0.000652621963455
2648.1926  226.019589178  0.123503296645      0.000667869417741
2652.7117  226.584584527  0.126555917716      0.000683116872026
2657.2308  227.165769473  0.131253383501      0.00120545167593
2661.7499  227.770488865  0.136211816509      0.000988982174807
2666.269   228.395405513  0.140192002194      0.000772512673684
2670.7881  229.03609862   0.143193940556      0.00055604317256
2675.3072  229.688147388  0.145217631596      0.000339573671436
2679.8263  230.347131019  0.146263075313      0.000123104170313
2684.3454  231.008628716  0.146330271708      -9.33653308107e-05
2688.8645  231.668219682  0.14541922078       -0.000309834831934
2693.3836  232.321483118  0.14352992253       -0.000526304333058
2697.9027  232.963998228  0.140662376957      -0.000742773834181
2702.4218  233.591344214  0.136816584062      -0.000959243335305
2706.9409  234.202445678  0.134873124922      8.34932747086e-05
2711.46    234.812443244  0.135011364734      -2.23130344928e-05
2715.9791  235.421985127  0.134671455254      -0.000128119343694
2720.4982  236.028910523  0.133853396482      -0.000233925652895
2725.0173  236.631058627  0.132557188418      -0.000339731962097
2729.5364  237.226268635  0.130782831062      -0.000445538271298
2734.0555  237.812379742  0.128530324414      -0.0005513445805
2738.5746  238.387231145  0.125799668475      -0.000657150889701
2743.0937  238.948662038  0.122590863243      -0.000762957198902
2747.6128  239.494511617  0.11890390872       -0.000868763508104
2752.1319  240.022619077  0.114738804904      -0.000974569817305
2756.651   240.530872303  0.110181997092      -0.000979889219195
2761.1701  241.019315681  0.106102760674      -0.000825442115462
2765.6892  241.490901661  0.102721486164      -0.000670995011729
2770.2083  241.948784403  0.100038173559      -0.000516547907995
2774.7274  242.396118068  0.0980528228615     -0.000362100804262
2779.2465  242.836056813  0.0967654340702     -0.000207653700529
2783.7656  243.2717548    0.0961760071854     -5.32065967956e-05
2788.2847  243.706366188  0.0962845422071     0.000101240506938
2792.8038  244.143045136  0.0970910391352     0.000255687610671
2797.3229  244.584945805  0.0985954979698     0.000410134714404
2801.842   245.035222353  0.100797918711      0.000564581818138
2806.3611  245.496218912  0.102653382859      3.59363003025e-05
2810.8802  245.960741595  0.102984951251      0.000110804595841
2815.3993  246.427527158  0.103654856957      0.00018567289138
2819.9184  246.898104583  0.104663099978      0.000260541186919
2824.4375  247.374002848  0.106009680313      0.000335409482458
2828.9566  247.856750935  0.107694597962      0.000410277777997
2833.4757  248.347877824  0.109717852926      0.000485146073536
2837.9948  248.848912494  0.112079445204      0.000560014369074
2842.5139  249.361383926  0.114779374796      0.000634882664613
2847.033   249.886821099  0.117817641703      0.000709750960152
2851.5521  250.426752995  0.121194245924      0.000784619255691
2856.0712  250.985145625  0.129044829564      0.00432411390277
2860.5903  251.61097461   0.147595732715      0.00388588505755
2865.1094  252.316162168  0.164166235891      0.00344765621234
2869.6285  253.091758675  0.178756339093      0.00300942736712
2874.1476  253.928814504  0.191366042321      0.0025711985219
2878.6667  254.81838003   0.201995345574      0.00213296967669
2883.1858  255.751505628  0.210644248853      0.00169474083147
2887.7049  256.719241671  0.217312752157      0.00125651198626
2892.224   257.712638536  0.222000855487      0.000818283141041
2896.7431  258.722746595  0.224708558842      0.000380054295825
2901.2622  259.740616224  0.225435862223      -5.81745493914e-05
2905.7813  260.758096037  0.226226967202      0.0021232173463
2910.3004  261.800753573  0.234915709024      0.00172212434659
2914.8195  262.878580789  0.241791871472      0.00132103134688
2919.3386  263.983386457  0.246855454544      0.000919938347175
2923.8577  265.106979349  0.250106458241      0.000518845347467
2928.3768  266.241168239  0.251544882563      0.000117752347759
2932.8959  267.377761898  0.251170727511      -0.000283340651949
2937.415   268.508569099  0.248983993083      -0.000684433651657
2941.9341  269.625398615  0.24498467928       -0.00108552665136
2946.4532  270.720059218  0.239172786102      -0.00148661965107
2950.9723  271.784359681  0.23154831355       -0.00188771265078
2955.4914  272.810214598  0.222653721547      -0.00088963433645
2960.0105  273.806999009  0.218417060829      -0.000985367641087
2964.5296  274.78365998   0.213747771733      -0.00108110094572
2969.0487  275.738242422  0.208645854261      -0.00117683425036
2973.5678  276.668791243  0.203111308412      -0.001272567555
2978.0869  277.573351353  0.197144134185      -0.00136830085964
2982.606   278.44996766   0.190744331582      -0.00146403416427
2987.1251  279.296685074  0.183911900602      -0.00155976746891
2991.6442  280.111548503  0.176646841245      -0.00165550077355
2996.1633  280.892602857  0.16894915351       -0.00175123407818
3000.6824  281.637893045  0.160818837399      -0.00184696738282
3005.2015  282.345465944  0.152294700807      -0.00155898787446
3009.7206  283.017870978  0.14530861647       -0.00153281550952
3014.2397  283.658972447  0.138440807668      -0.00150664314458
3018.7588  284.269304852  0.131691274401      -0.00148047077963
3023.2779  284.84940269   0.125060016668      -0.00145429841469
3027.797   285.399800461  0.118547034469      -0.00142812604975
3032.3161  285.921032663  0.112152327805      -0.00140195368481
3036.8352  286.413633796  0.105875896675      -0.00137578131986
3041.3543  286.878138359  0.0997177410799     -0.00134960895492
3045.8734  287.31508085   0.0936778610189     -0.00132343658998
3050.3925  287.724995769  0.0877562564923     -0.00129726422504
3054.9116  288.108417614  0.0819529275002     -0.00127109186009
3059.4307  288.463613915  0.075379981135      -0.0013244675999
3063.9498  288.791775982  0.0700827973007     -0.00101988584851
3068.4689  289.09910967   0.0661620488591     -0.000715304097122
3072.988   289.391835228  0.0636177358101     -0.000410722345735
3077.5071  289.676172906  0.0624498581538     -0.000106140594348
3082.0262  289.958342953  0.0626584158903     0.000198441157038
3086.5453  290.244565617  0.0642434090194     0.000503022908425
3091.0644  290.541061148  0.0672048375412     0.000807604659812
3095.5835  290.854049796  0.0715427014557     0.0011121864112
3100.1026  291.189751809  0.0772570007629     0.00141676816258
3104.6217  291.554387437  0.0843477354628     0.00172134991397
3109.1408  291.945082838  0.0878846218641     0.000590142745555
3113.6599  292.348086474  0.0904308584847     0.000536735004717
3118.179   292.762051454  0.0927357401837     0.000483327263878
3122.6981  293.185887071  0.0947992669611     0.00042991952304
3127.2172  293.618502619  0.0966214388168     0.000376511782201
3131.7363  294.058807391  0.098202255751      0.000323104041363
3136.2554  294.505710678  0.0995417177635     0.000269696300524
3140.7745  294.958121775  0.100639824854      0.000216288559686
3145.2936  295.414949974  0.101496577024      0.000162880818847
3149.8127  295.875104569  0.102111974271      0.000109473078009
3154.3318  296.337494851  0.102486016597      5.60653371701e-05
3158.8509  296.818872114  0.112726937364      0.00272990644515
3163.37    297.354190122  0.123748087741      0.00214767996652
3167.8891  297.933368619  0.132138098438      0.00156545348789
3172.4082  298.544517222  0.137896969455      0.000983227009251
3176.9273  299.175745547  0.141024700793      0.000401000530616
3181.4464  299.815163212  0.141521292451      -0.000181225948018
3185.9655  300.450879832  0.13938674443       -0.000763452426653
3190.4846  301.071005024  0.134621056728      -0.00134567890529
3195.0037  301.663648405  0.127224229348      -0.00192790538392
3199.5228  302.216919593  0.117196262287      -0.00251013186256
3204.0419  302.718928202  0.104537155548      -0.00309235834119
3208.561   303.158969902  0.0901932389986     -0.00319745686346
3213.0801  303.53361891   0.075548703524      -0.00328371658903
3217.5992  303.841206988  0.0605143517237     -0.0033699763146
3222.1183  304.079972517  0.0450901835975     -0.00345623604016
3226.6374  304.248153879  0.0292761991455     -0.00354249576573
3231.1565  304.343989454  0.0130723983676     -0.0036287554913
3235.6756  304.365717623  -0.00352121873598   -0.00371501521686
3240.1947  304.311576768  -0.0205046521654    -0.00380127494243
3244.7138  304.17980527   -0.0378779019207    -0.003887534668
3249.2329  303.968641509  -0.0556409680017    -0.00397379439356
3253.752   303.676323867  -0.0737938504086    -0.00406005411913
3258.2711  303.314803778  -0.0820331044697    -0.000248812270603
3262.7902  302.941715816  -0.0830456563958    -0.000199308782746
3267.3093  302.564557518  -0.0838344971099    -0.00014980529489
3271.8284  302.184339856  -0.0843996266121    -0.000100301807033
3276.3475  301.802073804  -0.0847410449023    -5.07983191762e-05
3280.8666  301.418770335  -0.0848587519805    -1.29483131945e-06
3285.3857  301.035440423  -0.0847527478467    4.82086565373e-05
3289.9048  300.65309504   -0.084423032501     9.7712144394e-05
3294.4239  300.272745161  -0.0838696059432    0.000147215632251
3298.943   299.895401759  -0.0830924681735    0.000196719120107
3303.4621  299.522075807  -0.0820916191919    0.000246222607964
3307.9812  299.151938474  -0.0824647743205    -0.000384538978235
3312.5003  298.775785142  -0.0839105782826    -0.000255324694655
3317.0194  298.394417502  -0.0847724499757    -0.000126110411076
3321.5385  298.010474401  -0.0850503893999    3.10387250392e-06
3326.0576  297.626594688  -0.0847443965552    0.000132318156084
3330.5767  297.245417212  -0.0838544714416    0.000261532439663
3335.0958  296.869580821  -0.0823806140591    0.000390746723243
3339.6149  296.501724362  -0.0803228244076    0.000519961006822
3344.134   296.144486685  -0.0776811024872    0.000649175290402
3348.6531  295.800506638  -0.0744554482979    0.000778389573981
3353.1722  295.472423069  -0.0706458618397    0.000907603857561
3357.6913  295.163408772  -0.065726318555     0.00125370406374
3362.2104  294.878630354  -0.0604300366929    0.00109025020245
3366.7295  294.616117315  -0.0558724191753    0.000926796341152
3371.2486  294.372531556  -0.0520534660023    0.000763342479858
3375.7677  294.144534979  -0.0489731771738    0.000599888618563
3380.2868  293.928789486  -0.04663155269      0.000436434757269
3384.8059  293.72195698   -0.0450285925507    0.000272980895974
3389.325   293.520699362  -0.044164296756     0.00010952703468
3393.8441  293.321678534  -0.0440386653058    -5.39268266144e-05
3398.3632  293.121556398  -0.0446516982003    -0.000217380687909
3402.8823  292.916994856  -0.0460033954393    -0.000380834549203
3407.4014  292.705665784  -0.0468231216222    0.000266532608841
3411.9205  292.496566313  -0.0457664742949    0.000201103569712
3416.4396  292.291573833  -0.0450055073384    0.000135674530583
3420.9587  292.089352134  -0.0445402207526    7.02454914537e-05
3425.4778  291.888565007  -0.0443706145376    4.81645232471e-06
3429.9969  291.687876243  -0.0444966886932    -6.06125868043e-05
3434.516   291.485949632  -0.0449184432196    -0.000126041625933
3439.0351  291.281448966  -0.0456358781167    -0.000191470665062
3443.5542  291.073038035  -0.0466489933846    -0.000256899704191
3448.0733  290.859380631  -0.0479577890231    -0.00032232874332
3452.5924  290.639140544  -0.0495622650325    -0.000387757782449
3457.1115  290.410803075  -0.0517479204206    -0.000666164963306
3461.6306  290.17049994   -0.0545239213136    -0.000562398641386
3466.1497  289.918711351  -0.0568309918212    -0.000458632319467
3470.6688  289.657556451  -0.0586691319434    -0.000354865997547
3475.1879  289.389154383  -0.0600383416803    -0.000251099675627
3479.707   289.115624292  -0.0609386210317    -0.000147333353708
3484.2261  288.83908532   -0.0613699699977    -4.35670317879e-05
3488.7452  288.56165661   -0.0613323885784    6.01992901317e-05
3493.2643  288.285457307  -0.0608258767737    0.000163965612051
3497.7834  288.012606552  -0.0598504345836    0.000267731933971
3502.3025  287.74522349   -0.058406062008     0.000371498255891
3506.8216  287.485316336  -0.0567649873152    0.000135892791441
3511.3407  287.230229724  -0.0561160731657    0.000151294546504
3515.8598  286.97823289   -0.0553975569449    0.000166696301567
3520.3789  286.729640371  -0.0546094386529    0.00018209805663
3524.898   286.484766707  -0.0537517182895    0.000197499811693
3529.4171  286.243926437  -0.0528243958548    0.000212901566756
3533.9362  286.007434099  -0.0518274713489    0.000228303321818
3538.4553  285.775604232  -0.0507609447716    0.000243705076881
3542.9744  285.548751374  -0.049624816123     0.000259106831944
3547.4935  285.327190065  -0.0484190854031    0.000274508587007
3552.0126  285.111234843  -0.0471437526119    0.00028991034207
3556.5317  284.901326209  -0.0452164634989    0.00164587508235
3561.0508  284.713247423  -0.0381419233061    0.00148507585603
3565.5699  284.55549725   -0.031794050897     0.0013242766297
3570.089   284.424791804  -0.0261728462715    0.00116347740338
3574.6081  284.317847202  -0.0212783094298    0.00100267817705
3579.1272  284.23137956   -0.0171104403717    0.00084187895073
3583.6463  284.162104992  -0.0136692390973    0.000681079724406
3588.1654  284.106739615  -0.0109547056065    0.000520280498082
3592.6845  284.061999544  -0.00896683989951   0.000359481271757
3597.2036  284.024600894  -0.00770564197615   0.000198682045433
3601.7227  283.991259782  -0.00717111183648   3.7882819109e-05
3606.2418  283.958693328  -0.00731516269986   0.00102777162789
3610.7609  283.935793691  -0.00289387674079   0.000928939203499
3615.28    283.931865097  0.0010807756092     0.000830106779104
3619.7991  283.944889164  0.00460879435011    0.00073127435471
3624.3182  283.972847508  0.00769017948194    0.000632441930315
3628.8373  284.01372175   0.0103249310047     0.00053360950592
3633.3564  284.065493506  0.0125130489183     0.000434777081525
3637.8755  284.126144395  0.0142545332229     0.00033594465713
3642.3946  284.193656034  0.0155493839184     0.000237112232735
3646.9137  284.266010042  0.0163976010048     0.000138279808341
3651.4328  284.341188037  0.0167991844822     3.94473839458e-05
3655.9519  284.417171638  0.0167541343504     -5.9385040449e-05
3660.471   284.502595373  0.0215131764368     0.00120324197117
3664.9901  284.612522325  0.0272297586836     0.00132672295403
3669.5092  284.749543965  0.03350436384       0.0014502039369
3674.0283  284.916182053  0.040336991906      0.00157368491976
3678.5474  285.114958352  0.0477276428817     0.00169716590262
3683.0665  285.348394622  0.0556763167671     0.00182064688549
3687.5856  285.619012625  0.0641830135622     0.00194412786835
3692.1047  285.929334122  0.0732477332669     0.00206760885122
3696.6238  286.281880875  0.0828704758812     0.00219108983408
3701.1429  286.679174645  0.0930512414053     0.00231457081695
3705.662   287.123737192  0.103790029839      0.00243805179981
3710.1811  287.642233175  0.12748649456       0.00554682942123
3714.7002  288.273024426  0.1512438111        0.00496735107459
3719.2193  289.005260236  0.172382407043      0.00438787272795
3723.7384  289.827106344  0.190902282389      0.00380839438131
3728.2575  290.726728491  0.20680343714       0.00322891603467
3732.7766  291.692292416  0.220085871294      0.00264943768803
3737.2957  292.711963859  0.230749584852      0.00206995934139
3741.8148  293.77390856   0.238794577813      0.00149048099475
3746.3339  294.866292259  0.244220850178      0.000911002648109
3750.853   295.977280695  0.247028401947      0.000331524301469
3755.3721  297.095039608  0.24721723312       -0.000247954045171
3759.8912  298.240890255  0.263638152143      0.00444924536499
3764.4103  299.474674425  0.281716786541      0.0035517435035
3768.9294  300.780993242  0.295739520277      0.00265424164201
3773.4485  302.141517684  0.30570635335       0.00175673978053
3777.9676  303.537918731  0.311617285761      0.000859237919037
3782.4867  304.951867362  0.31347231751       -3.82639424523e-05
3787.0058  306.365034557  0.311271448596      -0.000935765803941
3791.5249  307.759091295  0.30501467902       -0.00183326766543
3796.044   309.115708556  0.294702008782      -0.00273076952692
3800.5631  310.416557318  0.280333437882      -0.00362827138841
3805.0822  311.64330856   0.26190896632       -0.0045257732499
3809.6013  312.77872134   0.240463630817      -0.00476707468918
3814.1204  313.816867092  0.219016197569      -0.00472483000348
3818.6395  314.758521115  0.19775967228       -0.00468258531778
3823.1586  315.60454614   0.17669405495       -0.00464034063208
3827.6777  316.3558049    0.155819345579      -0.00459809594638
3832.1968  317.013160126  0.135135544167      -0.00455585126068
3836.7159  317.577474552  0.114642650715      -0.00451360657498
3841.235   318.049610909  0.0943406652212     -0.00447136188928
3845.7541  318.43043193   0.0742295876869     -0.00442911720357
3850.2732  318.720800346  0.0543094181118     -0.00438687251787
3854.7923  318.92157889   0.0345801564959     -0.00434462783217
3859.3114  319.027927156  0.0107624446173     -0.00596096486346
3863.8305  319.014928248  -0.0166851029441    -0.00618638640624
3868.3496  318.875589319  -0.0451513529996    -0.00641180794903
3872.8687  318.60530675   -0.074636305549     -0.00663722949181
3877.3878  318.199476923  -0.105139960592     -0.00686265103459
3881.9069  317.653496219  -0.13666231813      -0.00708807257737
3886.426   316.962761019  -0.169203378161     -0.00731349412015
3890.9451  316.122667707  -0.202763140687     -0.00753891566294
3895.4642  315.128612662  -0.237341605706     -0.00776433720572
3899.9833  313.975992266  -0.272938773219     -0.0079897587485
3904.5024  312.660202902  -0.309554643227     -0.00821518029128
3909.0215  311.196505014  -0.330066292511     -0.00105214245119
3913.5406  309.693559332  -0.335219029285     -0.00122828363971
3918.0597  308.165529316  -0.341167765704     -0.00140442482823
3922.5788  306.608817765  -0.347912501767     -0.00158056601675
3927.0979  305.019827475  -0.355453237476     -0.00175670720527
3931.617   303.394961246  -0.36378997283      -0.00193284839379
3936.1361  301.730621876  -0.372922707829     -0.0021089895823
3940.6552  300.023212161  -0.382851442473     -0.00228513077082
3945.1743  298.269134901  -0.393576176762     -0.00246127195934
3949.6934  296.464792893  -0.405096910696     -0.00263741314786
3954.2125  294.606588935  -0.417413644275     -0.00281355433638
3958.7316  292.695392787  -0.425861114976     -0.000512148966848
3963.2507  290.76604711   -0.427914735001     -0.000396713428178
3967.7698  288.828599647  -0.429446690283     -0.000281277889509
3972.2889  286.885407852  -0.430456980822     -0.000165842350839
3976.808   284.938829181  -0.430945606618     -5.04068121693e-05
3981.3271  282.991221089  -0.430912567671     6.50287265004e-05
3985.8462  281.044941031  -0.430357863982     0.00018046426517
3990.3653  279.102346461  -0.42928149555      0.00029589980384
3994.8844  277.165794836  -0.427683462375     0.00041133534251
3999.4035  275.23764361   -0.425563764457     0.000526770881179
4003.9226  273.320250238  -0.422922401797     0.000642206419849
4008.4417  271.415446365  -0.4204525422       0.000286529449114
4012.9608  269.518268968  -0.41918165451      0.000275922229325
4017.4799  267.626726527  -0.417958701907     0.000265315009537
4021.999   265.74060242   -0.416783684391     0.000254707789748
4026.5181  263.859680023  -0.415656601962     0.00024410056996
4031.0372  261.983742713  -0.41457745462      0.000233493350171
4035.5563  260.112573865  -0.413546242364     0.000222886130383
4040.0754  258.245956857  -0.412562965196     0.000212278910594
4044.5945  256.383675065  -0.411627623115     0.000201671690806
4049.1136  254.525511866  -0.41074021612      0.000191064471017
4053.6327  252.671250636  -0.409900744213     0.000180457251229
4058.1518  250.822153203  -0.40654888899      0.00237480834672
4062.6709  249.008652706  -0.396158705167     0.00222353372262
4067.19    247.240561804  -0.386452146498     0.00207225909852
4071.7091  245.514791125  -0.377429212983     0.00192098447442
4076.2282  243.828251301  -0.369089904622     0.00176970985032
4080.7473  242.177852959  -0.361434221414     0.00161843522622
4085.2664  240.560506731  -0.35446216336      0.00146716060212
4089.7855  238.973123244  -0.34817373046      0.00131588597802
4094.3046  237.41261313   -0.342568922714     0.00116461135392
4098.8237  235.875887017  -0.337647740121     0.00101333672982
4103.3428  234.359855535  -0.333410182682     0.000862062105716
4107.8619  232.862633406  -0.32706199703      0.0039534903396
4112.381   231.424488435  -0.309520210904     0.00380990773773
4116.9001  230.064150409  -0.292627288915     0.00366632513587
4121.4192  228.778687045  -0.276383231061     0.003522742534
4125.9383  227.565166063  -0.260788037344     0.00337915993214
4130.4574  226.420655179  -0.245841707763     0.00323557733027
4134.9765  225.342222112  -0.231544242317     0.00309199472841
4139.4956  224.326934581  -0.217895641008     0.00294841212654
4144.0147  223.371860302  -0.204895903835     0.00280482952467
4148.5338  222.474066995  -0.192545030798     0.00266124692281
4153.0529  221.630622378  -0.180843021898     0.00251766432094
4157.572   220.838490535  -0.1702252951       0.0014751276172
4162.0911  220.085333777  -0.162864891953     0.00178233654437
4166.6102  219.368576369  -0.154116180944     0.00208954547154
4171.1293  218.694492211  -0.143979162072     0.00239675439871
4175.6484  218.069355207  -0.132453835338     0.00270396332588
4180.1675  217.499439258  -0.11954020074      0.00301117225305
4184.6866  216.991018265  -0.10523825828      0.00331838118022
4189.2057  216.550366132  -0.0895480079574    0.00362559010738
4193.7248  216.18375676   -0.0724694497717    0.00393279903455
4198.2439  215.897464052  -0.0540025837233    0.00424000796172
4202.763   215.697761909  -0.0341474098121    0.00454721688889
4207.2821  215.590912614  -0.0131871087134    0.00140013798039
4211.8012  215.544761136  -0.00742707732415   0.0011490560579
4216.3203  215.522075984  -0.00280171025088   0.000897974135405
4220.8394  215.517729497  0.000688992506459   0.000646892212914
4225.3585  215.526594015  0.00304503094787    0.000395810290423
4229.8776  215.543541876  0.00426640507336    0.000144728367932
4234.3967  215.563445417  0.00435311488292    -0.000106353554559
4238.9158  215.581176978  0.00330516037655    -0.000357435477049
4243.4349  215.591608897  0.00112254155425    -0.00060851739954
4247.954   215.589613513  -0.00219474158397   -0.000859599322031
4252.4731  215.570063163  -0.00664668903813   -0.00111068124452
4256.9922  215.527830187  -0.0122333008082    -0.00136176316701
4261.5113  215.477028418  -0.0098393730586    0.00053535686762
4266.0304  215.437056509  -0.00806623117115   0.000249375440781
4270.5495  215.402177411  -0.00758546794973   -3.66059860574e-05
4275.0686  215.366550736  -0.00839708339433   -0.000322587412896
4279.5877  215.324336096  -0.010501077505     -0.000608568839735
4284.1068  215.269693102  -0.0138974502816    -0.000894550266574
4288.6259  215.196781365  -0.0185862017243    -0.00118053169341
4293.145   215.099760497  -0.024567331833     -0.00146651312025
4297.6641  214.97279011   -0.0318408406078    -0.00175249454709
4302.1832  214.810029815  -0.0404067280485    -0.00203847597393
4306.7023  214.605639224  -0.0502649941553    -0.00232445740077
4311.2214  214.359358991  -0.058241637931     -0.00158118770188
4315.7405  214.080639405  -0.0649716691375    -0.00139729527329
4320.2596  213.773383885  -0.07087067207      -0.00121340284471
4324.7787  213.44134793   -0.0759386467285    -0.00102951041612
4329.2978  213.088287041  -0.080175593113     -0.000845617987537
4333.8169  212.717956718  -0.0835815112235    -0.000661725558952
4338.336   212.33411246   -0.0861564010599    -0.000477833130367
4342.8551  211.940509767  -0.0879002626224    -0.000293940701782
4347.3742  211.540904139  -0.0888130959108    -0.000110048273196
4351.8933  211.139051077  -0.0888949009252    7.38441553885e-05
4356.4124  210.738706079  -0.0881456776656    0.000257736583974
4360.9315  210.336647642  -0.0906303418508    -0.00074162221858
4365.4506  209.920145168  -0.0935583335583    -0.000554207352563
4369.9697  209.492324524  -0.0956393787448    -0.000366792486546
4374.4888  209.057013147  -0.0968734774102    -0.000179377620529
4379.0079  208.618038473  -0.0972606295546    8.03724548843e-06
4383.527   208.179227937  -0.0968008351781    0.000195452111506
4388.0461  207.744408976  -0.0954940942804    0.000382866977523
4392.5652  207.317409026  -0.0933404068618    0.00057028184354
4397.0843  206.902055523  -0.0903397729222    0.000757696709557
4401.6034  206.502175902  -0.0864921924615    0.000945111575574
4406.1225  206.121597601  -0.0817976654798    0.00113252644159
4410.6416  205.762444381  -0.0774568132063    0.000845934067552
4415.1607  205.420883354  -0.0737427486823    0.000797784603867
4419.6798  205.095614896  -0.0702462763997    0.000749635140182
4424.1989  204.785655685  -0.0669673963583    0.000701485676496
4428.718   204.490022401  -0.0639061085583    0.000653336212811
4433.2371  204.207731721  -0.0610624129997    0.000605186749126
4437.7562  203.937800326  -0.0584363096824    0.000557037285441
4442.2753  203.679244893  -0.0560277986064    0.000508887821755
4446.7944  203.431082103  -0.0538368797718    0.00046073835807
4451.3135  203.192328633  -0.0518635531785    0.000412588894385
4455.8326  202.962001163  -0.0501078188266    0.0003644394307
4460.3517  202.738594755  -0.0489294662933    0.000206615772256
4464.8708  202.519659141  -0.0479481140287    0.000227697371771
4469.3899  202.305373622  -0.0468714919078    0.000248778971286
4473.909   202.096168734  -0.0456995999304    0.000269860570801
4478.4281  201.892475009  -0.0444324380967    0.000290942170316
4482.9472  201.694722983  -0.0430700064067    0.000312023769831
4487.4663  201.503343189  -0.0416123048603    0.000333105369346
4491.9854  201.318766161  -0.0400593334575    0.000354186968861
4496.5045  201.141422433  -0.0384110921983    0.000375268568376
4501.0236  200.971742538  -0.0366675810828    0.000396350167891
4505.5427  200.810157013  -0.0348288001109    0.000417431767406
4510.0618  200.656562161  -0.0333494032893    0.000243134678105
4514.5809  200.508369854  -0.0322278827083    0.000253212196717
4519.1     200.365348713  -0.031060820813     0.000263289715328
4523.6191  200.227704545  -0.0298482176033    0.00027336723394
4528.1382  200.095643155  -0.0285900730792    0.000283444752552
4532.6573  199.969370349  -0.0272863872407    0.000293522271164
4537.1764  199.849091932  -0.0259371600879    0.000303599789776
4541.6955  199.73501371   -0.0245423916208    0.000313677308387
4546.2146  199.62734149   -0.0231020818393    0.000323754826999
4550.7337  199.526281076  -0.0216162307434    0.000333832345611
4555.2528  199.432038275  -0.0200848383332    0.000343909864223
