   0    0   0.0
  90    0   0.0
 180    0   0.0
 270    0   0.0
 360    0   0.0
 450    0   0.0
 540    0   0.0
 630    0   0.0
 720    0   0.0
 810    0   0.0
 900    0   0.0
 990    0   0.0
1080    0   0.0
1170    0   0.0
1260    0   0.0
1350    0   0.0
1440    0   0.0
1530    0   0.0
1620    0   0.0
1710    0   0.0
1800    0   0.0
1890    0   0.0
1980    0   0.0
2070    0   0.0
2160    0   0.0
2250    0   0.0
2340    0   0.0
2430    0   0.0
2520    0   0.0
2610    0   0.0
2700    0   0.0
2790    0   0.0
2880    0   0.0
2970    0   0.0
3060    0   0.0
3150    0   0.0
3240    0   0.0
3330    0   0.0
3420    0   0.0
3510    0   0.0
3600    0   0.0
3690    0   0.0
3780    0   0.0
3870    0   0.0
3960    0   0.0
4050    0   0.0
4140    0   0.0
4230    0   0.0
4320    0   0.0
4410    0   0.0
4500    0   0.0
4590    0   0.0
4680    0   0.0
4770    0   0.0
4860    0   0.0
4950    0   0.0
   0   90   0.0
  90   90   0.0
 180   90   0.0
 270   90   0.0
 360   90   0.0
 450   90   0.0
 540   90   0.0
 630   90   0.0
 720   90   0.0
 810   90   0.0
 900   90   0.0
 990   90   0.0
1080   90   0.0
1170   90   0.0
1260   90   0.0
1350   90   0.0
1440   90   0.0
1530   90   0.0
1620   90   0.0
1710   90   0.0
1800   90   0.0
1890   90   0.0
1980   90   0.0
2070   90   0.0
2160   90   0.0
2250   90   0.0
2340   90   0.0
2430   90   0.0
2520   90   0.0
2610   90   0.0
2700   90   0.0
2790   90   0.0
2880   90   0.0
2970   90   0.0
3060   90   0.0
3150   90   0.0
3240   90   0.0
3330   90   0.0
3420   90   0.0
3510   90   0.0
3600   90   0.0
3690   90   0.0
3780   90   0.0
3870   90   0.0
3960   90   0.0
4050   90   0.0
4140   90   0.0
4230   90   0.0
4320   90   0.0
4410   90   0.0
4500   90   0.0
4590   90   0.0
4680   90   0.0
4770   90   0.0
4860   90   0.0
4950   90   0.0
   0  180   0.0
  90  180   0.0
 180  180   0.0
 270  180   0.0
 360  180   0.0
 450  180   0.0
 540  180   0.0
 630  180   0.0
 720  180   0.0
 810  180   0.0
 900  180   0.0
 990  180   0.0
1080  180   0.0
1170  180   0.0
1260  180   0.0
1350  180   0.0
1440  180   0.0
1530  180   0.0
1620  180   0.0
1710  180   0.0
1800  180   0.0
1890  180   0.0
1980  180   0.0
2070  180   0.0
2160  180   0.0
2250  180   0.0
2340  180   0.0
2430  180   0.0
2520  180   0.0
2610  180   0.0
2700  180   0.0
2790  180   0.0
2880  180   0.0
2970  180   0.0
3060  180   0.0
3150  180   0.0
3240  180   0.0
3330  180   0.0
3420  180   0.0
3510  180   0.0
3600  180   0.0
3690  180   0.0
3780  180   0.0
3870  180   0.0
3960  180   0.0
4050  180   0.0
4140  180   0.0
4230  180   0.0
4320  180   0.0
4410  180   0.0
4500  180   0.0
4590  180   0.0
4680  180   0.0
4770  180   0.0
4860  180   0.0
4950  180   0.0
   0  270   0.0
  90  270   0.0
 180  270   0.0
 270  270   0.0
 360  270   0.0
 450  270   0.0
 540  270   0.0
 630  270   0.0
 720  270   0.0
 810  270   0.0
 900  270   0.0
 990  270   0.0
1080  270   0.0
1170  270   0.0
1260  270   0.0
1350  270   0.0
1440  270   0.0
1530  270   0.0
1620  270   0.0
1710  270   0.0
1800  270   0.0
1890  270   0.0
1980  270   0.0
2070  270   0.0
2160  270   0.0
2250  270   0.0
2340  270   0.0
2430  270   0.0
2520  270   0.0
2610  270   0.0
2700  270   0.0
2790  270   0.0
2880  270   0.0
2970  270   0.0
3060  270   0.0
3150  270   0.0
3240  270   0.0
3330  270   0.0
3420  270   0.0
3510  270   0.0
3600  270   0.0
3690  270   0.0
3780  270   0.0
3870  270   0.0
3960  270   0.0
4050  270   0.0
4140  270   0.0
4230  270   0.0
4320  270   0.0
4410  270   0.0
4500  270   0.0
4590  270   0.0
4680  270   0.0
4770  270   0.0
4860  270   0.0
4950  270   0.0
   0  360   0.0
  90  360   0.0
 180  360   0.0
 270  360   0.0
 360  360   0.0
 450  360   0.0
 540  360   0.0
 630  360   0.0
 720  360   0.0
 810  360   0.0
 900  360   0.0
 990  360   0.0
1080  360   0.0
1170  360   0.0
1260  360   0.0
1350  360   0.0
1440  360   0.0
1530  360   0.0
1620  360   0.0
1710  360   0.0
1800  360   0.0
1890  360   0.0
1980  360   0.0
2070  360   0.0
2160  360   0.0
2250  360   0.0
2340  360   0.0
2430  360   0.0
2520  360   0.0
2610  360   0.0
2700  360   0.0
2790  360   0.0
2880  360   0.0
2970  360   0.0
3060  360   0.0
3150  360   0.0
3240  360   0.0
3330  360   0.0
3420  360   0.0
3510  360   0.0
3600  360   0.0
3690  360   0.0
3780  360   0.0
3870  360   0.0
3960  360   0.0
4050  360   0.0
4140  360   0.0
4230  360   0.0
4320  360   0.0
4410  360   0.0
4500  360   0.0
4590  360   0.0
4680  360   0.0
4770  360   0.0
4860  360   0.0
4950  360   0.0
   0  450   0.0
  90  450   0.0
 180  450   0.0
 270  450   0.0
 360  450   0.0
 450  450   0.0
 540  450   0.0
 630  450   0.0
 720  450   0.0
 810  450   0.0
 900  450   0.0
 990  450   0.0
1080  450   0.0
1170  450   0.0
1260  450   0.0
1350  450   0.0
1440  450   0.0
1530  450   0.0
1620  450   0.0
1710  450   0.0
1800  450   0.0
1890  450   0.0
1980  450   0.0
2070  450   0.0
2160  450   0.0
2250  450   0.0
2340  450   0.0
2430  450   0.0
2520  450   0.0
2610  450   0.0
2700  450   0.0
2790  450   0.0
2880  450   0.0
2970  450   0.0
3060  450   0.0
3150  450   0.0
3240  450   0.0
3330  450   0.0
3420  450   0.0
3510  450   0.0
3600  450   0.0
3690  450   0.0
3780  450   0.0
3870  450   0.0
3960  450   0.0
4050  450   0.0
4140  450   0.0
4230  450   0.0
4320  450   0.0
4410  450   0.0
4500  450   0.0
4590  450   0.0
4680  450   0.0
4770  450   0.0
4860  450   0.0
4950  450   0.0
   0  540   0.0
  90  540   0.0
 180  540   0.0
 270  540   0.0
 360  540   0.0
 450  540   0.0
 540  540   0.0
 630  540   0.0
 720  540   0.0
 810  540   0.0
 900  540   0.0
 990  540   0.0
1080  540   0.0
1170  540   0.0
1260  540   0.0
1350  540   0.0
1440  540   0.0
1530  540   0.0
1620  540   0.0
1710  540   0.0
1800  540   0.0
1890  540   0.0
1980  540   0.0
2070  540   0.0
2160  540   0.0
2250  540   0.0
2340  540   0.0
2430  540   0.0
2520  540   0.0
2610  540   0.0
2700  540   0.0
2790  540   0.0
2880  540   0.0
2970  540   0.0
3060  540   0.0
3150  540   0.0
3240  540   0.0
3330  540   0.0
3420  540   0.0
3510  540   0.0
3600  540   0.0
3690  540   0.0
3780  540   0.0
3870  540   0.0
3960  540   0.0
4050  540   0.0
4140  540   0.0
4230  540   0.0
4320  540   0.0
4410  540   0.0
4500  540   0.0
4590  540   0.0
4680  540   0.0
4770  540   0.0
4860  540   0.0
4950  540   0.0
   0  630   0.0
  90  630   0.0
 180  630   0.0
 270  630   0.0
 360  630   0.0
 450  630   0.0
 540  630   0.0
 630  630   0.0
 720  630   0.0
 810  630   0.0
 900  630   0.0
 990  630   0.0
1080  630   0.0
1170  630   0.0
1260  630   0.0
1350  630   0.0
1440  630   0.0
1530  630   0.0
1620  630   0.0
1710  630   0.0
1800  630   0.0
1890  630   0.0
1980  630   0.0
2070  630   0.0
2160  630   0.0
2250  630   0.0
2340  630   0.0
2430  630   0.0
2520  630   0.0
2610  630   0.0
2700  630   0.0
2790  630   0.0
2880  630   0.0
2970  630   0.0
3060  630   0.0
3150  630   0.0
3240  630   0.0
3330  630   0.0
3420  630   0.0
3510  630   0.0
3600  630   0.0
3690  630   0.0
3780  630   0.0
3870  630   0.0
3960  630   0.0
4050  630   0.0
4140  630   0.0
4230  630   0.0
4320  630   0.0
4410  630   0.0
4500  630   0.0
4590  630   0.0
4680  630   0.0
4770  630   0.0
4860  630   0.0
4950  630   0.0
   0  720   0.0
  90  720   0.0
 180  720   0.0
 270  720   0.0
 360  720   0.0
 450  720   0.0
 540  720   0.0
 630  720   0.0
 720  720   0.0
 810  720   0.0
 900  720   0.0
 990  720   0.0
1080  720   0.0
1170  720   0.0
1260  720   0.0
1350  720   0.0
1440  720   0.0
1530  720   0.0
1620  720   0.0
1710  720   0.0
1800  720   0.0
1890  720   0.0
1980  720   0.0
2070  720   0.0
2160  720   0.0
2250  720   0.0
2340  720   0.0
2430  720   0.0
2520  720   0.0
2610  720   0.0
2700  720   0.0
2790  720   0.0
2880  720   0.0
2970  720   0.0
3060  720   0.0
3150  720   0.0
3240  720   0.0
3330  720   0.0
3420  720   0.0
3510  720   0.0
3600  720   0.0
3690  720   0.0
3780  720   0.0
3870  720   0.0
3960  720   0.0
4050  720   0.0
4140  720   0.0
4230  720   0.0
4320  720   0.0
4410  720   0.0
4500  720   0.0
4590  720   0.0
4680  720   0.0
4770  720   0.0
4860  720   0.0
4950  720   0.0
   0  810   0.0
  90  810   0.0
 180  810   0.0
 270  810   0.0
 360  810   0.0
 450  810   0.0
 540  810   0.0
 630  810   0.0
 720  810   0.0
 810  810   0.0
 900  810   0.0
 990  810   0.0
1080  810   0.0
1170  810   0.0
1260  810   0.0
1350  810   0.0
1440  810   0.0
1530  810   0.0
1620  810   0.0
1710  810   0.0
1800  810   0.0
1890  810   0.0
1980  810   0.0
2070  810   0.0
2160  810   0.0
2250  810   0.0
2340  810   0.0
2430  810   0.0
2520  810   0.0
2610  810   0.0
2700  810   0.0
2790  810   0.0
2880  810   0.0
2970  810   0.0
3060  810   0.0
3150  810   0.0
3240  810   0.0
3330  810   0.0
3420  810   0.0
3510  810   0.0
3600  810   0.0
3690  810   0.0
3780  810   0.0
3870  810   0.0
3960  810   0.0
4050  810   0.0
4140  810   0.0
4230  810   0.0
4320  810   0.0
4410  810   0.0
4500  810   0.0
4590  810   0.0
4680  810   0.0
4770  810   0.0
4860  810   0.0
4950  810   0.0
   0  900   0.0
  90  900   0.0
 180  900   0.0
 270  900   0.0
 360  900   0.0
 450  900   0.0
 540  900   0.0
 630  900   0.0
 720  900   0.0
 810  900   0.0
 900  900   0.0
 990  900   0.0
1080  900   0.0
1170  900   0.0
1260  900   0.0
1350  900   0.0
1440  900   0.0
1530  900   0.0
1620  900   0.0
1710  900   0.0
1800  900   0.0
1890  900   0.0
1980  900   0.0
2070  900   0.0
2160  900   0.0
2250  900   0.0
2340  900   0.0
2430  900   0.0
2520  900   0.0
2610  900   0.0
2700  900   0.0
2790  900   0.0
2880  900   0.0
2970  900   0.0
3060  900   0.0
3150  900   0.0
3240  900   0.0
3330  900   0.0
3420  900   0.0
3510  900   0.0
3600  900   0.0
3690  900   0.0
3780  900   0.0
3870  900   0.0
3960  900   0.0
4050  900   0.0
4140  900   0.0
4230  900   0.0
4320  900   0.0
4410  900   0.0
4500  900   0.0
4590  900   0.0
4680  900   0.0
4770  900   0.0
4860  900   0.0
4950  900   0.0
   0  990   0.0
  90  990   0.0
 180  990   0.0
 270  990   0.0
 360  990   0.0
 450  990   0.0
 540  990   0.0
 630  990   0.0
 720  990   0.0
 810  990   0.0
 900  990   0.0
 990  990   0.0
1080  990   0.0
1170  990   0.0
1260  990   0.0
1350  990   0.0
1440  990   0.0
1530  990   0.0
1620  990   0.0
1710  990   0.0
1800  990   0.0
1890  990   0.0
1980  990   0.0
2070  990   0.0
2160  990   0.0
2250  990   0.0
2340  990   0.0
2430  990   0.0
2520  990   0.0
2610  990   0.0
2700  990   0.0
2790  990   0.0
2880  990   0.0
2970  990   0.0
3060  990   0.0
3150  990   0.0
3240  990   0.0
3330  990   0.0
3420  990   0.0
3510  990   0.0
3600  990   0.0
3690  990   0.0
3780  990   0.0
3870  990   0.0
3960  990   0.0
4050  990   0.0
4140  990   0.0
4230  990   0.0
4320  990   0.0
4410  990   0.0
4500  990   0.0
4590  990   0.0
4680  990   0.0
4770  990   0.0
4860  990   0.0
4950  990   0.0
   0 1080   0.0
  90 1080   0.0
 180 1080   0.0
 270 1080   0.0
 360 1080   0.0
 450 1080   0.0
 540 1080   0.0
 630 1080   0.0
 720 1080   0.0
 810 1080   0.0
 900 1080   0.0
 990 1080   0.0
1080 1080   0.0
1170 1080   0.0
1260 1080   0.0
1350 1080   0.0
1440 1080   0.0
1530 1080   0.0
1620 1080   0.0
1710 1080   0.0
1800 1080   0.0
1890 1080   0.0
1980 1080   0.0
2070 1080   0.0
2160 1080   0.0
2250 1080   0.0
2340 1080   0.0
2430 1080   0.0
2520 1080   0.0
2610 1080   0.0
2700 1080   0.0
2790 1080   0.0
2880 1080   0.0
2970 1080   0.0
3060 1080   0.0
3150 1080   0.0
3240 1080   0.0
3330 1080   0.0
3420 1080   0.0
3510 1080   0.0
3600 1080   0.0
3690 1080   0.0
3780 1080   0.0
3870 1080   0.0
3960 1080   0.0
4050 1080   0.0
4140 1080   0.0
4230 1080   0.0
4320 1080   0.0
4410 1080   0.0
4500 1080   0.0
4590 1080   0.0
4680 1080   0.0
4770 1080   0.0
4860 1080   0.0
4950 1080   0.0
   0 1170   0.0
  90 1170   0.0
 180 1170   0.0
 270 1170   0.0
 360 1170   0.0
 450 1170   0.0
 540 1170   0.0
 630 1170   0.0
 720 1170   0.0
 810 1170   0.0
 900 1170   0.0
 990 1170   0.0
1080 1170   0.0
1170 1170   0.0
1260 1170   0.0
1350 1170   0.0
1440 1170   0.0
1530 1170   0.0
1620 1170   0.0
1710 1170   0.0
1800 1170   0.0
1890 1170   0.0
1980 1170   0.0
2070 1170   0.0
2160 1170   0.0
2250 1170   0.0
2340 1170   0.0
2430 1170   0.0
2520 1170   0.0
2610 1170   0.0
2700 1170   0.0
2790 1170   0.0
2880 1170   0.0
2970 1170   0.0
3060 1170   0.0
3150 1170   0.0
3240 1170   0.0
3330 1170   0.0
3420 1170   0.0
3510 1170   0.0
3600 1170   0.0
3690 1170   0.0
3780 1170   0.0
3870 1170   0.0
3960 1170   0.0
4050 1170   0.0
4140 1170   0.0
4230 1170   0.0
4320 1170   0.0
4410 1170   0.0
4500 1170   0.0
4590 1170   0.0
4680 1170   0.0
4770 1170   0.0
4860 1170   0.0
4950 1170   0.0
   0 1260   0.0
  90 1260   0.0
 180 1260   0.0
 270 1260   0.0
 360 1260   0.0
 450 1260   0.0
 540 1260   0.0
 630 1260   0.0
 720 1260   0.0
 810 1260   0.0
 900 1260   0.0
 990 1260   0.0
1080 1260   0.0
1170 1260   0.0
1260 1260   0.0
1350 1260   0.0
1440 1260   0.0
1530 1260   0.0
1620 1260   0.0
1710 1260   0.0
1800 1260   0.0
1890 1260   0.0
1980 1260   0.0
2070 1260   0.0
2160 1260   0.0
2250 1260   0.0
2340 1260   0.0
2430 1260   0.0
2520 1260   0.0
2610 1260   0.0
2700 1260   0.0
2790 1260   0.0
2880 1260   0.0
2970 1260   0.0
3060 1260   0.0
3150 1260   0.0
3240 1260   0.0
3330 1260   0.0
3420 1260   0.0
3510 1260   0.0
3600 1260   0.0
3690 1260   0.0
3780 1260   0.0
3870 1260   0.0
3960 1260   0.0
4050 1260   0.0
4140 1260   0.0
4230 1260   0.0
4320 1260   0.0
4410 1260   0.0
4500 1260   0.0
4590 1260   0.0
4680 1260   0.0
4770 1260   0.0
4860 1260   0.0
4950 1260   0.0
   0 1350   0.0
  90 1350   0.0
 180 1350   0.0
 270 1350   0.0
 360 1350   0.0
 450 1350   0.0
 540 1350   0.0
 630 1350   0.0
 720 1350   0.0
 810 1350   0.0
 900 1350   0.0
 990 1350   0.0
1080 1350   0.0
1170 1350   0.0
1260 1350   0.0
1350 1350   0.0
1440 1350   0.0
1530 1350   0.0
1620 1350   0.0
1710 1350   0.0
1800 1350   0.0
1890 1350   0.0
1980 1350   0.0
2070 1350   0.0
2160 1350   0.0
2250 1350   0.0
2340 1350   0.0
2430 1350   0.0
2520 1350   0.0
2610 1350   0.0
2700 1350   0.0
2790 1350   0.0
2880 1350   0.0
2970 1350   0.0
3060 1350   0.0
3150 1350   0.0
3240 1350   0.0
3330 1350   0.0
3420 1350   0.0
3510 1350   0.0
3600 1350   0.0
3690 1350   0.0
3780 1350   0.0
3870 1350   0.0
3960 1350   0.0
4050 1350   0.0
4140 1350   0.0
4230 1350   0.0
4320 1350   0.0
4410 1350   0.0
4500 1350   0.0
4590 1350   0.0
4680 1350   0.0
4770 1350   0.0
4860 1350   0.0
4950 1350   0.0
   0 1440   0.0
  90 1440   0.0
 180 1440   0.0
 270 1440   0.0
 360 1440   0.0
 450 1440   0.0
 540 1440   0.0
 630 1440   0.0
 720 1440   0.0
 810 1440   0.0
 900 1440   0.0
 990 1440   0.0
1080 1440   0.0
1170 1440   0.0
1260 1440   0.0
1350 1440   0.0
1440 1440   0.0
1530 1440   0.0
1620 1440   0.0
1710 1440   0.0
1800 1440   0.0
1890 1440   0.0
1980 1440   0.0
2070 1440   0.0
2160 1440   0.0
2250 1440   0.0
2340 1440   0.0
2430 1440   0.0
2520 1440   0.0
2610 1440   0.0
2700 1440   0.0
2790 1440   0.0
2880 1440   0.0
2970 1440   0.0
3060 1440   0.0
3150 1440   0.0
3240 1440   0.0
3330 1440   0.0
3420 1440   0.0
3510 1440   0.0
3600 1440   0.0
3690 1440   0.0
3780 1440   0.0
3870 1440   0.0
3960 1440   0.0
4050 1440   0.0
4140 1440   0.0
4230 1440   0.0
4320 1440   0.0
4410 1440   0.0
4500 1440   0.0
4590 1440   0.0
4680 1440   0.0
4770 1440   0.0
4860 1440   0.0
4950 1440   0.0
   0 1530   0.0
  90 1530   0.0
 180 1530   0.0
 270 1530   0.0
 360 1530   0.0
 450 1530   0.0
 540 1530   0.0
 630 1530   0.0
 720 1530   0.0
 810 1530   0.0
 900 1530   0.0
 990 1530   0.0
1080 1530   0.0
1170 1530   0.0
1260 1530   0.0
1350 1530   0.0
1440 1530   0.0
1530 1530   0.0
1620 1530   0.0
1710 1530   0.0
1800 1530   0.0
1890 1530   0.0
1980 1530   0.0
2070 1530   0.0
2160 1530   0.0
2250 1530   0.0
2340 1530   0.0
2430 1530   0.0
2520 1530   0.0
2610 1530   0.0
2700 1530   0.0
2790 1530   0.0
2880 1530   0.0
2970 1530   0.0
3060 1530   0.0
3150 1530   0.0
3240 1530   0.0
3330 1530   0.0
3420 1530   0.0
3510 1530   0.0
3600 1530   0.0
3690 1530   0.0
3780 1530   0.0
3870 1530   0.0
3960 1530   0.0
4050 1530   0.0
4140 1530   0.0
4230 1530   0.0
4320 1530   0.0
4410 1530   0.0
4500 1530   0.0
4590 1530   0.0
4680 1530   0.0
4770 1530   0.0
4860 1530   0.0
4950 1530   0.0
   0 1620   0.0
  90 1620   0.0
 180 1620   0.0
 270 1620   0.0
 360 1620   0.0
 450 1620   0.0
 540 1620   0.0
 630 1620   0.0
 720 1620   0.0
 810 1620   0.0
 900 1620   0.0
 990 1620   0.0
1080 1620   0.0
1170 1620   0.0
1260 1620   0.0
1350 1620   0.0
1440 1620   0.0
1530 1620   0.0
1620 1620   0.0
1710 1620   0.0
1800 1620   0.0
1890 1620   0.0
1980 1620   0.0
2070 1620   0.0
2160 1620   0.0
2250 1620   0.0
2340 1620   0.0
2430 1620   0.0
2520 1620   0.0
2610 1620   0.0
2700 1620   0.0
2790 1620   0.0
2880 1620   0.0
2970 1620   0.0
3060 1620   0.0
3150 1620   0.0
3240 1620   0.0
3330 1620   0.0
3420 1620   0.0
3510 1620   0.0
3600 1620   0.0
3690 1620   0.0
3780 1620   0.0
3870 1620   0.0
3960 1620   0.0
4050 1620   0.0
4140 1620   0.0
4230 1620   0.0
4320 1620   0.0
4410 1620   0.0
4500 1620   0.0
4590 1620   0.0
4680 1620   0.0
4770 1620   0.0
4860 1620   0.0
4950 1620   0.0
   0 1710   0.0
  90 1710   0.0
 180 1710   0.0
 270 1710   0.0
 360 1710   0.0
 450 1710   0.0
 540 1710   0.0
 630 1710   0.0
 720 1710   0.0
 810 1710   0.0
 900 1710   0.0
 990 1710   0.0
1080 1710   0.0
1170 1710   0.0
1260 1710   0.0
1350 1710   0.0
1440 1710   0.0
1530 1710   0.0
1620 1710   0.0
1710 1710   0.0
1800 1710   0.0
1890 1710   0.0
1980 1710   0.0
2070 1710   0.0
2160 1710   0.0
2250 1710   0.0
2340 1710   0.0
2430 1710   0.0
2520 1710   0.0
2610 1710   0.0
2700 1710   0.0
2790 1710   0.0
2880 1710   0.0
2970 1710   0.0
3060 1710   0.0
3150 1710   0.0
3240 1710   0.0
3330 1710   0.0
3420 1710   0.0
3510 1710   0.0
3600 1710   0.0
3690 1710   0.0
3780 1710   0.0
3870 1710   0.0
3960 1710   0.0
4050 1710   0.0
4140 1710   0.0
4230 1710   0.0
4320 1710   0.0
4410 1710   0.0
4500 1710   0.0
4590 1710   0.0
4680 1710   0.0
4770 1710   0.0
4860 1710   0.0
4950 1710   0.0
   0 1800   0.0
  90 1800   0.0
 180 1800   0.0
 270 1800   0.0
 360 1800   0.0
 450 1800   0.0
 540 1800   0.0
 630 1800   0.0
 720 1800   0.0
 810 1800   0.0
 900 1800   0.0
 990 1800   0.0
1080 1800   0.0
1170 1800   0.0
1260 1800   0.0
1350 1800   0.0
1440 1800   0.0
1530 1800   0.0
1620 1800   0.0
1710 1800   0.0
1800 1800   0.0
1890 1800   0.0
1980 1800   0.0
2070 1800   0.0
2160 1800   0.0
2250 1800   0.0
2340 1800   0.0
2430 1800   0.0
2520 1800   0.0
2610 1800   0.0
2700 1800   0.0
2790 1800   0.0
2880 1800   0.0
2970 1800   0.0
3060 1800   0.0
3150 1800   0.0
3240 1800   0.0
3330 1800   0.0
3420 1800   0.0
3510 1800   0.0
3600 1800   0.0
3690 1800   0.0
3780 1800   0.0
3870 1800   0.0
3960 1800   0.0
4050 1800   0.0
4140 1800   0.0
4230 1800   0.0
4320 1800   0.0
4410 1800   0.0
4500 1800   0.0
4590 1800   0.0
4680 1800   0.0
4770 1800   0.0
4860 1800   0.0
4950 1800   0.0
   0 1890   0.0
  90 1890   0.0
 180 1890   0.0
 270 1890   0.0
 360 1890   0.0
 450 1890   0.0
 540 1890   0.0
 630 1890   0.0
 720 1890   0.0
 810 1890   0.0
 900 1890   0.0
 990 1890   0.0
1080 1890   0.0
1170 1890   0.0
1260 1890   0.0
1350 1890   0.0
1440 1890   0.0
1530 1890   0.0
1620 1890   0.0
1710 1890   0.0
1800 1890   0.0
1890 1890   0.0
1980 1890   0.0
2070 1890   0.0
2160 1890   0.0
2250 1890   0.0
2340 1890   0.0
2430 1890   0.0
2520 1890   0.0
2610 1890   0.0
2700 1890   0.0
2790 1890   0.0
2880 1890   0.0
2970 1890   0.0
3060 1890   0.0
3150 1890   0.0
3240 1890   0.0
3330 1890   0.0
3420 1890   0.0
3510 1890   0.0
3600 1890   0.0
3690 1890   0.0
3780 1890   0.0
3870 1890   0.0
3960 1890   0.0
4050 1890   0.0
4140 1890   0.0
4230 1890   0.0
4320 1890   0.0
4410 1890   0.0
4500 1890   0.0
4590 1890   0.0
4680 1890   0.0
4770 1890   0.0
4860 1890   0.0
4950 1890   0.0
   0 1980   0.0
  90 1980   0.0
 180 1980   0.0
 270 1980   0.0
 360 1980   0.0
 450 1980   0.0
 540 1980   0.0
 630 1980   0.0
 720 1980   0.0
 810 1980   0.0
 900 1980   0.0
 990 1980   0.0
1080 1980   0.0
1170 1980   0.0
1260 1980   0.0
1350 1980   0.0
1440 1980   0.0
1530 1980   0.0
1620 1980   0.0
1710 1980   0.0
1800 1980   0.0
1890 1980   0.0
1980 1980   0.0
2070 1980   0.0
2160 1980   0.0
2250 1980   0.0
2340 1980   0.0
2430 1980   0.0
2520 1980   0.0
2610 1980   0.0
2700 1980   0.0
2790 1980   0.0
2880 1980   0.0
2970 1980   0.0
3060 1980   0.0
3150 1980   0.0
3240 1980   0.0
3330 1980   0.0
3420 1980   0.0
3510 1980   0.0
3600 1980   0.0
3690 1980   0.0
3780 1980   0.0
3870 1980   0.0
3960 1980   0.0
4050 1980   0.0
4140 1980   0.0
4230 1980   0.0
4320 1980   0.0
4410 1980   0.0
4500 1980   0.0
4590 1980   0.0
4680 1980   0.0
4770 1980   0.0
4860 1980   0.0
4950 1980   0.0
   0 2070   0.0
  90 2070   0.0
 180 2070   0.0
 270 2070   0.0
 360 2070   0.0
 450 2070   0.0
 540 2070   0.0
 630 2070   0.0
 720 2070   0.0
 810 2070   0.0
 900 2070   0.0
 990 2070   0.0
1080 2070   0.0
1170 2070   0.0
1260 2070   0.0
1350 2070   0.0
1440 2070   0.0
1530 2070   0.0
1620 2070   0.0
1710 2070   0.0
1800 2070   0.0
1890 2070   0.0
1980 2070   0.0
2070 2070   0.0
2160 2070   0.0
2250 2070   0.0
2340 2070   0.0
2430 2070   0.0
2520 2070   0.0
2610 2070   0.0
2700 2070   0.0
2790 2070   0.0
2880 2070   0.0
2970 2070   0.0
3060 2070   0.0
3150 2070   0.0
3240 2070   0.0
3330 2070   0.0
3420 2070   0.0
3510 2070   0.0
3600 2070   0.0
3690 2070   0.0
3780 2070   0.0
3870 2070   0.0
3960 2070   0.0
4050 2070   0.0
4140 2070   0.0
4230 2070   0.0
4320 2070   0.0
4410 2070   0.0
4500 2070   0.0
4590 2070   0.0
4680 2070   0.0
4770 2070   0.0
4860 2070   0.0
4950 2070   0.0
   0 2160   0.0
  90 2160   0.0
 180 2160   0.0
 270 2160   0.0
 360 2160   0.0
 450 2160   0.0
 540 2160   0.0
 630 2160   0.0
 720 2160   0.0
 810 2160   0.0
 900 2160   0.0
 990 2160   0.0
1080 2160   0.0
1170 2160   0.0
1260 2160   0.0
1350 2160   0.0
1440 2160   0.0
1530 2160   0.0
1620 2160   0.0
1710 2160   0.0
1800 2160   0.0
1890 2160   0.0
1980 2160   0.0
2070 2160   0.0
2160 2160   0.0
2250 2160   0.0
2340 2160   0.0
2430 2160   0.0
2520 2160   0.0
2610 2160   0.0
2700 2160   0.0
2790 2160   0.0
2880 2160   0.0
2970 2160   0.0
3060 2160   0.0
3150 2160   0.0
3240 2160   0.0
3330 2160   0.0
3420 2160   0.0
3510 2160   0.0
3600 2160   0.0
3690 2160   0.0
3780 2160   0.0
3870 2160   0.0
3960 2160   0.0
4050 2160   0.0
4140 2160   0.0
4230 2160   0.0
4320 2160   0.0
4410 2160   0.0
4500 2160   0.0
4590 2160   0.0
4680 2160   0.0
4770 2160   0.0
4860 2160   0.0
4950 2160   0.0
   0 2250   0.0
  90 2250   0.0
 180 2250   0.0
 270 2250   0.0
 360 2250   0.0
 450 2250   0.0
 540 2250   0.0
 630 2250   0.0
 720 2250   0.0
 810 2250   0.0
 900 2250   0.0
 990 2250   0.0
1080 2250   0.0
1170 2250   0.0
1260 2250   0.0
1350 2250   0.0
1440 2250   0.0
1530 2250   0.0
1620 2250   0.0
1710 2250   0.0
1800 2250   0.0
1890 2250   0.0
1980 2250   0.0
2070 2250   0.0
2160 2250   0.0
2250 2250   0.0
2340 2250   0.0
2430 2250   0.0
2520 2250   0.0
2610 2250   0.0
2700 2250   0.0
2790 2250   0.0
2880 2250   0.0
2970 2250   0.0
3060 2250   0.0
3150 2250   0.0
3240 2250   0.0
3330 2250   0.0
3420 2250   0.0
3510 2250   0.0
3600 2250   0.0
3690 2250   0.0
3780 2250   0.0
3870 2250   0.0
3960 2250   0.0
4050 2250   0.0
4140 2250   0.0
4230 2250   0.0
4320 2250   0.0
4410 2250   0.0
4500 2250   0.0
4590 2250   0.0
4680 2250   0.0
4770 2250   0.0
4860 2250   0.0
4950 2250   0.0
   0 2340   0.0
  90 2340   0.0
 180 2340   0.0
 270 2340   0.0
 360 2340   0.0
 450 2340   0.0
 540 2340   0.0
 630 2340   0.0
 720 2340   0.0
 810 2340   0.0
 900 2340   0.0
 990 2340   0.0
1080 2340   0.0
1170 2340   0.0
1260 2340   0.0
1350 2340   0.0
1440 2340   0.0
1530 2340   0.0
1620 2340   0.0
1710 2340   0.0
1800 2340   0.0
1890 2340   0.0
1980 2340   0.0
2070 2340   0.0
2160 2340   0.0
2250 2340   0.0
2340 2340   0.0
2430 2340   0.0
2520 2340   0.0
2610 2340   0.0
2700 2340   0.0
2790 2340   0.0
2880 2340   0.0
2970 2340   0.0
3060 2340   0.0
3150 2340   0.0
3240 2340   0.0
3330 2340   0.0
3420 2340   0.0
3510 2340   0.0
3600 2340   0.0
3690 2340   0.0
3780 2340   0.0
3870 2340   0.0
3960 2340   0.0
4050 2340   0.0
4140 2340   0.0
4230 2340   0.0
4320 2340   0.0
4410 2340   0.0
4500 2340   0.0
4590 2340   0.0
4680 2340   0.0
4770 2340   0.0
4860 2340   0.0
4950 2340   0.0
   0 2430   0.0
  90 2430   0.0
 180 2430   0.0
 270 2430   0.0
 360 2430   0.0
 450 2430   0.0
 540 2430   0.0
 630 2430   0.0
 720 2430   0.0
 810 2430   0.0
 900 2430   0.0
 990 2430   0.0
1080 2430   0.0
1170 2430   0.0
1260 2430   0.0
1350 2430   0.0
1440 2430   0.0
1530 2430   0.0
1620 2430   0.0
1710 2430   0.0
1800 2430   0.0
1890 2430   0.0
1980 2430   0.0
2070 2430   0.0
2160 2430   0.0
2250 2430   0.0
2340 2430   0.0
2430 2430   0.0
2520 2430   0.0
2610 2430   0.0
2700 2430   0.0
2790 2430   0.0
2880 2430   0.0
2970 2430   0.0
3060 2430   0.0
3150 2430   0.0
3240 2430   0.0
3330 2430   0.0
3420 2430   0.0
3510 2430   0.0
3600 2430   0.0
3690 2430   0.0
3780 2430   0.0
3870 2430   0.0
3960 2430   0.0
4050 2430   0.0
4140 2430   0.0
4230 2430   0.0
4320 2430   0.0
4410 2430   0.0
4500 2430   0.0
4590 2430   0.0
4680 2430   0.0
4770 2430   0.0
4860 2430   0.0
4950 2430   0.0
   0 2520   0.0
  90 2520   0.0
 180 2520   0.0
 270 2520   0.0
 360 2520   0.0
 450 2520   0.0
 540 2520   0.0
 630 2520   0.0
 720 2520   0.0
 810 2520   0.0
 900 2520   0.0
 990 2520   0.0
1080 2520   0.0
1170 2520   0.0
1260 2520   0.0
1350 2520   0.0
1440 2520   0.0
1530 2520   0.0
1620 2520   0.0
1710 2520   0.0
1800 2520   0.0
1890 2520   0.0
1980 2520   0.0
2070 2520   0.0
2160 2520   0.0
2250 2520   0.0
2340 2520   0.0
2430 2520   0.0
2520 2520   0.0
2610 2520   0.0
2700 2520   0.0
2790 2520   0.0
2880 2520   0.0
2970 2520   0.0
3060 2520   0.0
3150 2520   0.0
3240 2520   0.0
3330 2520   0.0
3420 2520   0.0
3510 2520   0.0
3600 2520   0.0
3690 2520   0.0
3780 2520   0.0
3870 2520   0.0
3960 2520   0.0
4050 2520   0.0
4140 2520   0.0
4230 2520   0.0
4320 2520   0.0
4410 2520   0.0
4500 2520   0.0
4590 2520   0.0
4680 2520   0.0
4770 2520   0.0
4860 2520   0.0
4950 2520   0.0
   0 2610   0.0
  90 2610   0.0
 180 2610   0.0
 270 2610   0.0
 360 2610   0.0
 450 2610   0.0
 540 2610   0.0
 630 2610   0.0
 720 2610   0.0
 810 2610   0.0
 900 2610   0.0
 990 2610   0.0
1080 2610   0.0
1170 2610   0.0
1260 2610   0.0
1350 2610   0.0
1440 2610   0.0
1530 2610   0.0
1620 2610   0.0
1710 2610   0.0
1800 2610   0.0
1890 2610   0.0
1980 2610   0.0
2070 2610   0.0
2160 2610   0.0
2250 2610   0.0
2340 2610   0.0
2430 2610   0.0
2520 2610   0.0
2610 2610   0.0
2700 2610   0.0
2790 2610   0.0
2880 2610   0.0
2970 2610   0.0
3060 2610   0.0
3150 2610   0.0
3240 2610   0.0
3330 2610   0.0
3420 2610   0.0
3510 2610   0.0
3600 2610   0.0
3690 2610   0.0
3780 2610   0.0
3870 2610   0.0
3960 2610   0.0
4050 2610   0.0
4140 2610   0.0
4230 2610   0.0
4320 2610   0.0
4410 2610   0.0
4500 2610   0.0
4590 2610   0.0
4680 2610   0.0
4770 2610   0.0
4860 2610   0.0
4950 2610   0.0
   0 2700   0.0
  90 2700   0.0
 180 2700   0.0
 270 2700   0.0
 360 2700   0.0
 450 2700   0.0
 540 2700   0.0
 630 2700   0.0
 720 2700   0.0
 810 2700   0.0
 900 2700   0.0
 990 2700   0.0
1080 2700   0.0
1170 2700   0.0
1260 2700   0.0
1350 2700   0.0
1440 2700   0.0
1530 2700   0.0
1620 2700   0.0
1710 2700   0.0
1800 2700   0.0
1890 2700   0.0
1980 2700   0.0
2070 2700   0.0
2160 2700   0.0
2250 2700   0.0
2340 2700   0.0
2430 2700   0.0
2520 2700   0.0
2610 2700   0.0
2700 2700   0.0
2790 2700   0.0
2880 2700   0.0
2970 2700   0.0
3060 2700   0.0
3150 2700   0.0
3240 2700   0.0
3330 2700   0.0
3420 2700   0.0
3510 2700   0.0
3600 2700   0.0
3690 2700   0.0
3780 2700   0.0
3870 2700   0.0
3960 2700   0.0
4050 2700   0.0
4140 2700   0.0
4230 2700   0.0
4320 2700   0.0
4410 2700   0.0
4500 2700   0.0
4590 2700   0.0
4680 2700   0.0
4770 2700   0.0
4860 2700   0.0
4950 2700   0.0
   0 2790   0.0
  90 2790   0.0
 180 2790   0.0
 270 2790   0.0
 360 2790   0.0
 450 2790   0.0
 540 2790   0.0
 630 2790   0.0
 720 2790   0.0
 810 2790   0.0
 900 2790   0.0
 990 2790   0.0
1080 2790   0.0
1170 2790   0.0
1260 2790   0.0
1350 2790   0.0
1440 2790   0.0
1530 2790   0.0
1620 2790   0.0
1710 2790   0.0
1800 2790   0.0
1890 2790   0.0
1980 2790   0.0
2070 2790   0.0
2160 2790   0.0
2250 2790   0.0
2340 2790   0.0
2430 2790   0.0
2520 2790   0.0
2610 2790   0.0
2700 2790   0.0
2790 2790   0.0
2880 2790   0.0
2970 2790   0.0
3060 2790   0.0
3150 2790   0.0
3240 2790   0.0
3330 2790   0.0
3420 2790   0.0
3510 2790   0.0
3600 2790   0.0
3690 2790   0.0
3780 2790   0.0
3870 2790   0.0
3960 2790   0.0
4050 2790   0.0
4140 2790   0.0
4230 2790   0.0
4320 2790   0.0
4410 2790   0.0
4500 2790   0.0
4590 2790   0.0
4680 2790   0.0
4770 2790   0.0
4860 2790   0.0
4950 2790   0.0
   0 2880   0.0
  90 2880   0.0
 180 2880   0.0
 270 2880   0.0
 360 2880   0.0
 450 2880   0.0
 540 2880   0.0
 630 2880   0.0
 720 2880   0.0
 810 2880   0.0
 900 2880   0.0
 990 2880   0.0
1080 2880   0.0
1170 2880   0.0
1260 2880   0.0
1350 2880   0.0
1440 2880   0.0
1530 2880   0.0
1620 2880   0.0
1710 2880   0.0
1800 2880   0.0
1890 2880   0.0
1980 2880   0.0
2070 2880   0.0
2160 2880   0.0
2250 2880   0.0
2340 2880   0.0
2430 2880   0.0
2520 2880   0.0
2610 2880   0.0
2700 2880   0.0
2790 2880   0.0
2880 2880   0.0
2970 2880   0.0
3060 2880   0.0
3150 2880   0.0
3240 2880   0.0
3330 2880   0.0
3420 2880   0.0
3510 2880   0.0
3600 2880   0.0
3690 2880   0.0
3780 2880   0.0
3870 2880   0.0
3960 2880   0.0
4050 2880   0.0
4140 2880   0.0
4230 2880   0.0
4320 2880   0.0
4410 2880   0.0
4500 2880   0.0
4590 2880   0.0
4680 2880   0.0
4770 2880   0.0
4860 2880   0.0
4950 2880   0.0
   0 2970   0.0
  90 2970   0.0
 180 2970   0.0
 270 2970   0.0
 360 2970   0.0
 450 2970   0.0
 540 2970   0.0
 630 2970   0.0
 720 2970   0.0
 810 2970   0.0
 900 2970   0.0
 990 2970   0.0
1080 2970   0.0
1170 2970   0.0
1260 2970   0.0
1350 2970   0.0
1440 2970   0.0
1530 2970   0.0
1620 2970   0.0
1710 2970   0.0
1800 2970   0.0
1890 2970   0.0
1980 2970   0.0
2070 2970   0.0
2160 2970   0.0
2250 2970   0.0
2340 2970   0.0
2430 2970   0.0
2520 2970   0.0
2610 2970   0.0
2700 2970   0.0
2790 2970   0.0
2880 2970   0.0
2970 2970   0.0
3060 2970   0.0
3150 2970   0.0
3240 2970   0.0
3330 2970   0.0
3420 2970   0.0
3510 2970   0.0
3600 2970   0.0
3690 2970   0.0
3780 2970   0.0
3870 2970   0.0
3960 2970   0.0
4050 2970   0.0
4140 2970   0.0
4230 2970   0.0
4320 2970   0.0
4410 2970   0.0
4500 2970   0.0
4590 2970   0.0
4680 2970   0.0
4770 2970   0.0
4860 2970   0.0
4950 2970   0.0
   0 3060   0.0
  90 3060   0.0
 180 3060   0.0
 270 3060   0.0
 360 3060   0.0
 450 3060   0.0
 540 3060   0.0
 630 3060   0.0
 720 3060   0.0
 810 3060   0.0
 900 3060   0.0
 990 3060   0.0
1080 3060   0.0
1170 3060   0.0
1260 3060   0.0
1350 3060   0.0
1440 3060   0.0
1530 3060   0.0
1620 3060   0.0
1710 3060   0.0
1800 3060   0.0
1890 3060   0.0
1980 3060   0.0
2070 3060   0.0
2160 3060   0.0
2250 3060   0.0
2340 3060   0.0
2430 3060   0.0
2520 3060   0.0
2610 3060   0.0
2700 3060   0.0
2790 3060   0.0
2880 3060   0.0
2970 3060   0.0
3060 3060   0.0
3150 3060   0.0
3240 3060   0.0
3330 3060   0.0
3420 3060   0.0
3510 3060   0.0
3600 3060   0.0
3690 3060   0.0
3780 3060   0.0
3870 3060   0.0
3960 3060   0.0
4050 3060   0.0
4140 3060   0.0
4230 3060   0.0
4320 3060   0.0
4410 3060   0.0
4500 3060   0.0
4590 3060   0.0
4680 3060   0.0
4770 3060   0.0
4860 3060   0.0
4950 3060   0.0
   0 3150   0.0
  90 3150   0.0
 180 3150   0.0
 270 3150   0.0
 360 3150   0.0
 450 3150   0.0
 540 3150   0.0
 630 3150   0.0
 720 3150   0.0
 810 3150   0.0
 900 3150   0.0
 990 3150   0.0
1080 3150   0.0
1170 3150   0.0
1260 3150   0.0
1350 3150   0.0
1440 3150   0.0
1530 3150   0.0
1620 3150   0.0
1710 3150   0.0
1800 3150   0.0
1890 3150   0.0
1980 3150   0.0
2070 3150   0.0
2160 3150   0.0
2250 3150   0.0
2340 3150   0.0
2430 3150   0.0
2520 3150   0.0
2610 3150   0.0
2700 3150   0.0
2790 3150   0.0
2880 3150   0.0
2970 3150   0.0
3060 3150   0.0
3150 3150   0.0
3240 3150   0.0
3330 3150   0.0
3420 3150   0.0
3510 3150   0.0
3600 3150   0.0
3690 3150   0.0
3780 3150   0.0
3870 3150   0.0
3960 3150   0.0
4050 3150   0.0
4140 3150   0.0
4230 3150   0.0
4320 3150   0.0
4410 3150   0.0
4500 3150   0.0
4590 3150   0.0
4680 3150   0.0
4770 3150   0.0
4860 3150   0.0
4950 3150   0.0
   0 3240   0.0
  90 3240   0.0
 180 3240   0.0
 270 3240   0.0
 360 3240   0.0
 450 3240   0.0
 540 3240   0.0
 630 3240   0.0
 720 3240   0.0
 810 3240   0.0
 900 3240   0.0
 990 3240   0.0
1080 3240   0.0
1170 3240   0.0
1260 3240   0.0
1350 3240   0.0
1440 3240   0.0
1530 3240   0.0
1620 3240   0.0
1710 3240   0.0
1800 3240   0.0
1890 3240   0.0
1980 3240   0.0
2070 3240   0.0
2160 3240   0.0
2250 3240   0.0
2340 3240   0.0
2430 3240   0.0
2520 3240   0.0
2610 3240   0.0
2700 3240   0.0
2790 3240   0.0
2880 3240   0.0
2970 3240   0.0
3060 3240   0.0
3150 3240   0.0
3240 3240   0.0
3330 3240   0.0
3420 3240   0.0
3510 3240   0.0
3600 3240   0.0
3690 3240   0.0
3780 3240   0.0
3870 3240   0.0
3960 3240   0.0
4050 3240   0.0
4140 3240   0.0
4230 3240   0.0
4320 3240   0.0
4410 3240   0.0
4500 3240   0.0
4590 3240   0.0
4680 3240   0.0
4770 3240   0.0
4860 3240   0.0
4950 3240   0.0
   0 3330   0.0
  90 3330   0.0
 180 3330   0.0
 270 3330   0.0
 360 3330   0.0
 450 3330   0.0
 540 3330   0.0
 630 3330   0.0
 720 3330   0.0
 810 3330   0.0
 900 3330   0.0
 990 3330   0.0
1080 3330   0.0
1170 3330   0.0
1260 3330   0.0
1350 3330   0.0
1440 3330   0.0
1530 3330   0.0
1620 3330   0.0
1710 3330   0.0
1800 3330   0.0
1890 3330   0.0
1980 3330   0.0
2070 3330   0.0
2160 3330   0.0
2250 3330   0.0
2340 3330   0.0
2430 3330   0.0
2520 3330   0.0
2610 3330   0.0
2700 3330   0.0
2790 3330   0.0
2880 3330   0.0
2970 3330   0.0
3060 3330   0.0
3150 3330   0.0
3240 3330   0.0
3330 3330   0.0
3420 3330   0.0
3510 3330   0.0
3600 3330   0.0
3690 3330   0.0
3780 3330   0.0
3870 3330   0.0
3960 3330   0.0
4050 3330   0.0
4140 3330   0.0
4230 3330   0.0
4320 3330   0.0
4410 3330   0.0
4500 3330   0.0
4590 3330   0.0
4680 3330   0.0
4770 3330   0.0
4860 3330   0.0
4950 3330   0.0
   0 3420   0.0
  90 3420   0.0
 180 3420   0.0
 270 3420   0.0
 360 3420   0.0
 450 3420   0.0
 540 3420   0.0
 630 3420   0.0
 720 3420   0.0
 810 3420   0.0
 900 3420   0.0
 990 3420   0.0
1080 3420   0.0
1170 3420   0.0
1260 3420   0.0
1350 3420   0.0
1440 3420   0.0
1530 3420   0.0
1620 3420   0.0
1710 3420   0.0
1800 3420   0.0
1890 3420   0.0
1980 3420   0.0
2070 3420   0.0
2160 3420   0.0
2250 3420   0.0
2340 3420   0.0
2430 3420   0.0
2520 3420   0.0
2610 3420   0.0
2700 3420   0.0
2790 3420   0.0
2880 3420   0.0
2970 3420   0.0
3060 3420   0.0
3150 3420   0.0
3240 3420   0.0
3330 3420   0.0
3420 3420   0.0
3510 3420   0.0
3600 3420   0.0
3690 3420   0.0
3780 3420   0.0
3870 3420   0.0
3960 3420   0.0
4050 3420   0.0
4140 3420   0.0
4230 3420   0.0
4320 3420   0.0
4410 3420   0.0
4500 3420   0.0
4590 3420   0.0
4680 3420   0.0
4770 3420   0.0
4860 3420   0.0
4950 3420   0.0
   0 3510   0.0
  90 3510   0.0
 180 3510   0.0
 270 3510   0.0
 360 3510   0.0
 450 3510   0.0
 540 3510   0.0
 630 3510   0.0
 720 3510   0.0
 810 3510   0.0
 900 3510   0.0
 990 3510   0.0
1080 3510   0.0
1170 3510   0.0
1260 3510   0.0
1350 3510   0.0
1440 3510   0.0
1530 3510   0.0
1620 3510   0.0
1710 3510   0.0
1800 3510   0.0
1890 3510   0.0
1980 3510   0.0
2070 3510   0.0
2160 3510   0.0
2250 3510   0.0
2340 3510   0.0
2430 3510   0.0
2520 3510   0.0
2610 3510   0.0
2700 3510   0.0
2790 3510   0.0
2880 3510   0.0
2970 3510   0.0
3060 3510   0.0
3150 3510   0.0
3240 3510   0.0
3330 3510   0.0
3420 3510   0.0
3510 3510   0.0
3600 3510   0.0
3690 3510   0.0
3780 3510   0.0
3870 3510   0.0
3960 3510   0.0
4050 3510   0.0
4140 3510   0.0
4230 3510   0.0
4320 3510   0.0
4410 3510   0.0
4500 3510   0.0
4590 3510   0.0
4680 3510   0.0
4770 3510   0.0
4860 3510   0.0
4950 3510   0.0
   0 3600   0.0
  90 3600   0.0
 180 3600   0.0
 270 3600   0.0
 360 3600   0.0
 450 3600   0.0
 540 3600   0.0
 630 3600   0.0
 720 3600   0.0
 810 3600   0.0
 900 3600   0.0
 990 3600   0.0
1080 3600   0.0
1170 3600   0.0
1260 3600   0.0
1350 3600   0.0
1440 3600   0.0
1530 3600   0.0
1620 3600   0.0
1710 3600   0.0
1800 3600   0.0
1890 3600   0.0
1980 3600   0.0
2070 3600   0.0
2160 3600   0.0
2250 3600   0.0
2340 3600   0.0
2430 3600   0.0
2520 3600   0.0
2610 3600   0.0
2700 3600   0.0
2790 3600   0.0
2880 3600   0.0
2970 3600   0.0
3060 3600   0.0
3150 3600   0.0
3240 3600   0.0
3330 3600   0.0
3420 3600   0.0
3510 3600   0.0
3600 3600   0.0
3690 3600   0.0
3780 3600   0.0
3870 3600   0.0
3960 3600   0.0
4050 3600   0.0
4140 3600   0.0
4230 3600   0.0
4320 3600   0.0
4410 3600   0.0
4500 3600   0.0
4590 3600   0.0
4680 3600   0.0
4770 3600   0.0
4860 3600   0.0
4950 3600   0.0
   0 3690   0.0
  90 3690   0.0
 180 3690   0.0
 270 3690   0.0
 360 3690   0.0
 450 3690   0.0
 540 3690   0.0
 630 3690   0.0
 720 3690   0.0
 810 3690   0.0
 900 3690   0.0
 990 3690   0.0
1080 3690   0.0
1170 3690   0.0
1260 3690   0.0
1350 3690   0.0
1440 3690   0.0
1530 3690   0.0
1620 3690   0.0
1710 3690   0.0
1800 3690   0.0
1890 3690   0.0
1980 3690   0.0
2070 3690   0.0
2160 3690   0.0
2250 3690   0.0
2340 3690   0.0
2430 3690   0.0
2520 3690   0.0
2610 3690   0.0
2700 3690   0.0
2790 3690   0.0
2880 3690   0.0
2970 3690   0.0
3060 3690   0.0
3150 3690   0.0
3240 3690   0.0
3330 3690   0.0
3420 3690   0.0
3510 3690   0.0
3600 3690   0.0
3690 3690   0.0
3780 3690   0.0
3870 3690   0.0
3960 3690   0.0
4050 3690   0.0
4140 3690   0.0
4230 3690   0.0
4320 3690   0.0
4410 3690   0.0
4500 3690   0.0
4590 3690   0.0
4680 3690   0.0
4770 3690   0.0
4860 3690   0.0
4950 3690   0.0
   0 3780   0.0
  90 3780   0.0
 180 3780   0.0
 270 3780   0.0
 360 3780   0.0
 450 3780   0.0
 540 3780   0.0
 630 3780   0.0
 720 3780   0.0
 810 3780   0.0
 900 3780   0.0
 990 3780   0.0
1080 3780   0.0
1170 3780   0.0
1260 3780   0.0
1350 3780   0.0
1440 3780   0.0
1530 3780   0.0
1620 3780   0.0
1710 3780   0.0
1800 3780   0.0
1890 3780   0.0
1980 3780   0.0
2070 3780   0.0
2160 3780   0.0
2250 3780   0.0
2340 3780   0.0
2430 3780   0.0
2520 3780   0.0
2610 3780   0.0
2700 3780   0.0
2790 3780   0.0
2880 3780   0.0
2970 3780   0.0
3060 3780   0.0
3150 3780   0.0
3240 3780   0.0
3330 3780   0.0
3420 3780   0.0
3510 3780   0.0
3600 3780   0.0
3690 3780   0.0
3780 3780   0.0
3870 3780   0.0
3960 3780   0.0
4050 3780   0.0
4140 3780   0.0
4230 3780   0.0
4320 3780   0.0
4410 3780   0.0
4500 3780   0.0
4590 3780   0.0
4680 3780   0.0
4770 3780   0.0
4860 3780   0.0
4950 3780   0.0
   0 3870   0.0
  90 3870   0.0
 180 3870   0.0
 270 3870   0.0
 360 3870   0.0
 450 3870   0.0
 540 3870   0.0
 630 3870   0.0
 720 3870   0.0
 810 3870   0.0
 900 3870   0.0
 990 3870   0.0
1080 3870   0.0
1170 3870   0.0
1260 3870   0.0
1350 3870   0.0
1440 3870   0.0
1530 3870   0.0
1620 3870   0.0
1710 3870   0.0
1800 3870   0.0
1890 3870   0.0
1980 3870   0.0
2070 3870   0.0
2160 3870   0.0
2250 3870   0.0
2340 3870   0.0
2430 3870   0.0
2520 3870   0.0
2610 3870   0.0
2700 3870   0.0
2790 3870   0.0
2880 3870   0.0
2970 3870   0.0
3060 3870   0.0
3150 3870   0.0
3240 3870   0.0
3330 3870   0.0
3420 3870   0.0
3510 3870   0.0
3600 3870   0.0
3690 3870   0.0
3780 3870   0.0
3870 3870   0.0
3960 3870   0.0
4050 3870   0.0
4140 3870   0.0
4230 3870   0.0
4320 3870   0.0
4410 3870   0.0
4500 3870   0.0
4590 3870   0.0
4680 3870   0.0
4770 3870   0.0
4860 3870   0.0
4950 3870   0.0
   0 3960   0.0
  90 3960   0.0
 180 3960   0.0
 270 3960   0.0
 360 3960   0.0
 450 3960   0.0
 540 3960   0.0
 630 3960   0.0
 720 3960   0.0
 810 3960   0.0
 900 3960   0.0
 990 3960   0.0
1080 3960   0.0
1170 3960   0.0
1260 3960   0.0
1350 3960   0.0
1440 3960   0.0
1530 3960   0.0
1620 3960   0.0
1710 3960   0.0
1800 3960   0.0
1890 3960   0.0
1980 3960   0.0
2070 3960   0.0
2160 3960   0.0
2250 3960   0.0
2340 3960   0.0
2430 3960   0.0
2520 3960   0.0
2610 3960   0.0
2700 3960   0.0
2790 3960   0.0
2880 3960   0.0
2970 3960   0.0
3060 3960   0.0
3150 3960   0.0
3240 3960   0.0
3330 3960   0.0
3420 3960   0.0
3510 3960   0.0
3600 3960   0.0
3690 3960   0.0
3780 3960   0.0
3870 3960   0.0
3960 3960   0.0
4050 3960   0.0
4140 3960   0.0
4230 3960   0.0
4320 3960   0.0
4410 3960   0.0
4500 3960   0.0
4590 3960   0.0
4680 3960   0.0
4770 3960   0.0
4860 3960   0.0
4950 3960   0.0
   0 4050   0.0
  90 4050   0.0
 180 4050   0.0
 270 4050   0.0
 360 4050   0.0
 450 4050   0.0
 540 4050   0.0
 630 4050   0.0
 720 4050   0.0
 810 4050   0.0
 900 4050   0.0
 990 4050   0.0
1080 4050   0.0
1170 4050   0.0
1260 4050   0.0
1350 4050   0.0
1440 4050   0.0
1530 4050   0.0
1620 4050   0.0
1710 4050   0.0
1800 4050   0.0
1890 4050   0.0
1980 4050   0.0
2070 4050   0.0
2160 4050   0.0
2250 4050   0.0
2340 4050   0.0
2430 4050   0.0
2520 4050   0.0
2610 4050   0.0
2700 4050   0.0
2790 4050   0.0
2880 4050   0.0
2970 4050   0.0
3060 4050   0.0
3150 4050   0.0
3240 4050   0.0
3330 4050   0.0
3420 4050   0.0
3510 4050   0.0
3600 4050   0.0
3690 4050   0.0
3780 4050   0.0
3870 4050   0.0
3960 4050   0.0
4050 4050   0.0
4140 4050   0.0
4230 4050   0.0
4320 4050   0.0
4410 4050   0.0
4500 4050   0.0
4590 4050   0.0
4680 4050   0.0
4770 4050   0.0
4860 4050   0.0
4950 4050   0.0
   0 4140   0.0
  90 4140   0.0
 180 4140   0.0
 270 4140   0.0
 360 4140   0.0
 450 4140   0.0
 540 4140   0.0
 630 4140   0.0
 720 4140   0.0
 810 4140   0.0
 900 4140   0.0
 990 4140   0.0
1080 4140   0.0
1170 4140   0.0
1260 4140   0.0
1350 4140   0.0
1440 4140   0.0
1530 4140   0.0
1620 4140   0.0
1710 4140   0.0
1800 4140   0.0
1890 4140   0.0
1980 4140   0.0
2070 4140   0.0
2160 4140   0.0
2250 4140   0.0
2340 4140   0.0
2430 4140   0.0
2520 4140   0.0
2610 4140   0.0
2700 4140   0.0
2790 4140   0.0
2880 4140   0.0
2970 4140   0.0
3060 4140   0.0
3150 4140   0.0
3240 4140   0.0
3330 4140   0.0
3420 4140   0.0
3510 4140   0.0
3600 4140   0.0
3690 4140   0.0
3780 4140   0.0
3870 4140   0.0
3960 4140   0.0
4050 4140   0.0
4140 4140   0.0
4230 4140   0.0
4320 4140   0.0
4410 4140   0.0
4500 4140   0.0
4590 4140   0.0
4680 4140   0.0
4770 4140   0.0
4860 4140   0.0
4950 4140   0.0
   0 4230   0.0
  90 4230   0.0
 180 4230   0.0
 270 4230   0.0
 360 4230   0.0
 450 4230   0.0
 540 4230   0.0
 630 4230   0.0
 720 4230   0.0
 810 4230   0.0
 900 4230   0.0
 990 4230   0.0
1080 4230   0.0
1170 4230   0.0
1260 4230   0.0
1350 4230   0.0
1440 4230   0.0
1530 4230   0.0
1620 4230   0.0
1710 4230   0.0
1800 4230   0.0
1890 4230   0.0
1980 4230   0.0
2070 4230   0.0
2160 4230   0.0
2250 4230   0.0
2340 4230   0.0
2430 4230   0.0
2520 4230   0.0
2610 4230   0.0
2700 4230   0.0
2790 4230   0.0
2880 4230   0.0
2970 4230   0.0
3060 4230   0.0
3150 4230   0.0
3240 4230   0.0
3330 4230   0.0
3420 4230   0.0
3510 4230   0.0
3600 4230   0.0
3690 4230   0.0
3780 4230   0.0
3870 4230   0.0
3960 4230   0.0
4050 4230   0.0
4140 4230   0.0
4230 4230   0.0
4320 4230   0.0
4410 4230   0.0
4500 4230   0.0
4590 4230   0.0
4680 4230   0.0
4770 4230   0.0
4860 4230   0.0
4950 4230   0.0
   0 4320   0.0
  90 4320   0.0
 180 4320   0.0
 270 4320   0.0
 360 4320   0.0
 450 4320   0.0
 540 4320   0.0
 630 4320   0.0
 720 4320   0.0
 810 4320   0.0
 900 4320   0.0
 990 4320   0.0
1080 4320   0.0
1170 4320   0.0
1260 4320   0.0
1350 4320   0.0
1440 4320   0.0
1530 4320   0.0
1620 4320   0.0
1710 4320   0.0
1800 4320   0.0
1890 4320   0.0
1980 4320   0.0
2070 4320   0.0
2160 4320   0.0
2250 4320   0.0
2340 4320   0.0
2430 4320   0.0
2520 4320   0.0
2610 4320   0.0
2700 4320   0.0
2790 4320   0.0
2880 4320   0.0
2970 4320   0.0
3060 4320   0.0
3150 4320   0.0
3240 4320   0.0
3330 4320   0.0
3420 4320   0.0
3510 4320   0.0
3600 4320   0.0
3690 4320   0.0
3780 4320   0.0
3870 4320   0.0
3960 4320   0.0
4050 4320   0.0
4140 4320   0.0
4230 4320   0.0
4320 4320   0.0
4410 4320   0.0
4500 4320   0.0
4590 4320   0.0
4680 4320   0.0
4770 4320   0.0
4860 4320   0.0
4950 4320   0.0
   0 4410   0.0
  90 4410   0.0
 180 4410   0.0
 270 4410   0.0
 360 4410   0.0
 450 4410   0.0
 540 4410   0.0
 630 4410   0.0
 720 4410   0.0
 810 4410   0.0
 900 4410   0.0
 990 4410   0.0
1080 4410   0.0
1170 4410   0.0
1260 4410   0.0
1350 4410   0.0
1440 4410   0.0
1530 4410   0.0
1620 4410   0.0
1710 4410   0.0
1800 4410   0.0
1890 4410   0.0
1980 4410   0.0
2070 4410   0.0
2160 4410   0.0
2250 4410   0.0
2340 4410   0.0
2430 4410   0.0
2520 4410   0.0
2610 4410   0.0
2700 4410   0.0
2790 4410   0.0
2880 4410   0.0
2970 4410   0.0
3060 4410   0.0
3150 4410   0.0
3240 4410   0.0
3330 4410   0.0
3420 4410   0.0
3510 4410   0.0
3600 4410   0.0
3690 4410   0.0
3780 4410   0.0
3870 4410   0.0
3960 4410   0.0
4050 4410   0.0
4140 4410   0.0
4230 4410   0.0
4320 4410   0.0
4410 4410   0.0
4500 4410   0.0
4590 4410   0.0
4680 4410   0.0
4770 4410   0.0
4860 4410   0.0
4950 4410   0.0
   0 4500   0.0
  90 4500   0.0
 180 4500   0.0
 270 4500   0.0
 360 4500   0.0
 450 4500   0.0
 540 4500   0.0
 630 4500   0.0
 720 4500   0.0
 810 4500   0.0
 900 4500   0.0
 990 4500   0.0
1080 4500   0.0
1170 4500   0.0
1260 4500   0.0
1350 4500   0.0
1440 4500   0.0
1530 4500   0.0
1620 4500   0.0
1710 4500   0.0
1800 4500   0.0
1890 4500   0.0
1980 4500   0.0
2070 4500   0.0
2160 4500   0.0
2250 4500   0.0
2340 4500   0.0
2430 4500   0.0
2520 4500   0.0
2610 4500   0.0
2700 4500   0.0
2790 4500   0.0
2880 4500   0.0
2970 4500   0.0
3060 4500   0.0
3150 4500   0.0
3240 4500   0.0
3330 4500   0.0
3420 4500   0.0
3510 4500   0.0
3600 4500   0.0
3690 4500   0.0
3780 4500   0.0
3870 4500   0.0
3960 4500   0.0
4050 4500   0.0
4140 4500   0.0
4230 4500   0.0
4320 4500   0.0
4410 4500   0.0
4500 4500   0.0
4590 4500   0.0
4680 4500   0.0
4770 4500   0.0
4860 4500   0.0
4950 4500   0.0
   0 4590   0.0
  90 4590   0.0
 180 4590   0.0
 270 4590   0.0
 360 4590   0.0
 450 4590   0.0
 540 4590   0.0
 630 4590   0.0
 720 4590   0.0
 810 4590   0.0
 900 4590   0.0
 990 4590   0.0
1080 4590   0.0
1170 4590   0.0
1260 4590   0.0
1350 4590   0.0
1440 4590   0.0
1530 4590   0.0
1620 4590   0.0
1710 4590   0.0
1800 4590   0.0
1890 4590   0.0
1980 4590   0.0
2070 4590   0.0
2160 4590   0.0
2250 4590   0.0
2340 4590   0.0
2430 4590   0.0
2520 4590   0.0
2610 4590   0.0
2700 4590   0.0
2790 4590   0.0
2880 4590   0.0
2970 4590   0.0
3060 4590   0.0
3150 4590   0.0
3240 4590   0.0
3330 4590   0.0
3420 4590   0.0
3510 4590   0.0
3600 4590   0.0
3690 4590   0.0
3780 4590   0.0
3870 4590   0.0
3960 4590   0.0
4050 4590   0.0
4140 4590   0.0
4230 4590   0.0
4320 4590   0.0
4410 4590   0.0
4500 4590   0.0
4590 4590   0.0
4680 4590   0.0
4770 4590   0.0
4860 4590   0.0
4950 4590   0.0
   0 4680   0.0
  90 4680   0.0
 180 4680   0.0
 270 4680   0.0
 360 4680   0.0
 450 4680   0.0
 540 4680   0.0
 630 4680   0.0
 720 4680   0.0
 810 4680   0.0
 900 4680   0.0
 990 4680   0.0
1080 4680   0.0
1170 4680   0.0
1260 4680   0.0
1350 4680   0.0
1440 4680   0.0
1530 4680   0.0
1620 4680   0.0
1710 4680   0.0
1800 4680   0.0
1890 4680   0.0
1980 4680   0.0
2070 4680   0.0
2160 4680   0.0
2250 4680   0.0
2340 4680   0.0
2430 4680   0.0
2520 4680   0.0
2610 4680   0.0
2700 4680   0.0
2790 4680   0.0
2880 4680   0.0
2970 4680   0.0
3060 4680   0.0
3150 4680   0.0
3240 4680   0.0
3330 4680   0.0
3420 4680   0.0
3510 4680   0.0
3600 4680   0.0
3690 4680   0.0
3780 4680   0.0
3870 4680   0.0
3960 4680   0.0
4050 4680   0.0
4140 4680   0.0
4230 4680   0.0
4320 4680   0.0
4410 4680   0.0
4500 4680   0.0
4590 4680   0.0
4680 4680   0.0
4770 4680   0.0
4860 4680   0.0
4950 4680   0.0
   0 4770   0.0
  90 4770   0.0
 180 4770   0.0
 270 4770   0.0
 360 4770   0.0
 450 4770   0.0
 540 4770   0.0
 630 4770   0.0
 720 4770   0.0
 810 4770   0.0
 900 4770   0.0
 990 4770   0.0
1080 4770   0.0
1170 4770   0.0
1260 4770   0.0
1350 4770   0.0
1440 4770   0.0
1530 4770   0.0
1620 4770   0.0
1710 4770   0.0
1800 4770   0.0
1890 4770   0.0
1980 4770   0.0
2070 4770   0.0
2160 4770   0.0
2250 4770   0.0
2340 4770   0.0
2430 4770   0.0
2520 4770   0.0
2610 4770   0.0
2700 4770   0.0
2790 4770   0.0
2880 4770   0.0
2970 4770   0.0
3060 4770   0.0
3150 4770   0.0
3240 4770   0.0
3330 4770   0.0
3420 4770   0.0
3510 4770   0.0
3600 4770   0.0
3690 4770   0.0
3780 4770   0.0
3870 4770   0.0
3960 4770   0.0
4050 4770   0.0
4140 4770   0.0
4230 4770   0.0
4320 4770   0.0
4410 4770   0.0
4500 4770   0.0
4590 4770   0.0
4680 4770   0.0
4770 4770   0.0
4860 4770   0.0
4950 4770   0.0
   0 4860   0.0
  90 4860   0.0
 180 4860   0.0
 270 4860   0.0
 360 4860   0.0
 450 4860   0.0
 540 4860   0.0
 630 4860   0.0
 720 4860   0.0
 810 4860   0.0
 900 4860   0.0
 990 4860   0.0
1080 4860   0.0
1170 4860   0.0
1260 4860   0.0
1350 4860   0.0
1440 4860   0.0
1530 4860   0.0
1620 4860   0.0
1710 4860   0.0
1800 4860   0.0
1890 4860   0.0
1980 4860   0.0
2070 4860   0.0
2160 4860   0.0
2250 4860   0.0
2340 4860   0.0
2430 4860   0.0
2520 4860   0.0
2610 4860   0.0
2700 4860   0.0
2790 4860   0.0
2880 4860   0.0
2970 4860   0.0
3060 4860   0.0
3150 4860   0.0
3240 4860   0.0
3330 4860   0.0
3420 4860   0.0
3510 4860   0.0
3600 4860   0.0
3690 4860   0.0
3780 4860   0.0
3870 4860   0.0
3960 4860   0.0
4050 4860   0.0
4140 4860   0.0
4230 4860   0.0
4320 4860   0.0
4410 4860   0.0
4500 4860   0.0
4590 4860   0.0
4680 4860   0.0
4770 4860   0.0
4860 4860   0.0
4950 4860   0.0
   0 4950   0.0
  90 4950   0.0
 180 4950   0.0
 270 4950   0.0
 360 4950   0.0
 450 4950   0.0
 540 4950   0.0
 630 4950   0.0
 720 4950   0.0
 810 4950   0.0
 900 4950   0.0
 990 4950   0.0
1080 4950   0.0
1170 4950   0.0
1260 4950   0.0
1350 4950   0.0
1440 4950   0.0
1530 4950   0.0
1620 4950   0.0
1710 4950   0.0
1800 4950   0.0
1890 4950   0.0
1980 4950   0.0
2070 4950   0.0
2160 4950   0.0
2250 4950   0.0
2340 4950   0.0
2430 4950   0.0
2520 4950   0.0
2610 4950   0.0
2700 4950   0.0
2790 4950   0.0
2880 4950   0.0
2970 4950   0.0
3060 4950   0.0
3150 4950   0.0
3240 4950   0.0
3330 4950   0.0
3420 4950   0.0
3510 4950   0.0
3600 4950   0.0
3690 4950   0.0
3780 4950   0.0
3870 4950   0.0
3960 4950   0.0
4050 4950   0.0
4140 4950   0.0
4230 4950   0.0
4320 4950   0.0
4410 4950   0.0
4500 4950   0.0
4590 4950   0.0
4680 4950   0.0
4770 4950   0.0
4860 4950   0.0
4950 4950   0.0
