   0    0   0.0
  90    0   0.0
 180    0   0.0
 270    0   0.0
 360    0   0.0
 450    0   0.0
 540    0   0.0
 630    0   0.0
 720    0   0.0
 810    0   0.0
 900    0   0.0
 990    0   0.0
1080    0   0.0
1170    0   0.0
1260    0   0.0
1350    0   0.0
1440    0   0.0
1530    0   0.0
1620    0   0.0
1710    0   0.0
1800    0   0.0
1890    0   0.0
1980    0   0.0
2070    0   0.0
2160    0   0.0
2250    0   0.0
2340    0   0.0
2430    0   0.0
2520    0   0.0
2610    0   0.0
2700    0   0.0
2790    0   0.0
2880    0   0.0
2970    0   0.0
3060    0   0.0
3150    0   0.0
3240    0   0.0
3330    0   0.0
3420    0   0.0
3510    0   0.0
3600    0   0.0
3690    0   0.0
3780    0   0.0
3870    0   0.0
3960    0   0.0
4050    0   0.0
4140    0   0.0
4230    0   0.0
4320    0   0.0
4410    0   0.0
4500    0   0.0
4590    0   0.0
4680    0   0.0
4770    0   0.0
4860    0   0.0
4950    0   0.0
5040    0   0.0
5130    0   0.0
5220    0   0.0
5310    0   0.0
5400    0   0.0
5490    0   0.0
5580    0   0.0
5670    0   0.0
5760    0   0.0
5850    0   0.0
5940    0   0.0
   0   90   0.0
  90   90   0.0
 180   90   0.0
 270   90   0.0
 360   90   0.0
 450   90   0.0
 540   90   0.0
 630   90   0.0
 720   90   0.0
 810   90   0.0
 900   90   0.0
 990   90   0.0
1080   90   0.0
1170   90   0.0
1260   90   0.0
1350   90   0.0
1440   90   0.0
1530   90   0.0
1620   90   0.0
1710   90   0.0
1800   90   0.0
1890   90   0.0
1980   90   0.0
2070   90   0.0
2160   90   0.0
2250   90   0.0
2340   90   0.0
2430   90   0.0
2520   90   0.0
2610   90   0.0
2700   90   0.0
2790   90   0.0
2880   90   0.0
2970   90   0.0
3060   90   0.0
3150   90   0.0
3240   90   0.0
3330   90   0.0
3420   90   0.0
3510   90   0.0
3600   90   0.0
3690   90   0.0
3780   90   0.0
3870   90   0.0
3960   90   0.0
4050   90   0.0
4140   90   0.0
4230   90   0.0
4320   90   0.0
4410   90   0.0
4500   90   0.0
4590   90   0.0
4680   90   0.0
4770   90   0.0
4860   90   0.0
4950   90   0.0
5040   90   0.0
5130   90   0.0
5220   90   0.0
5310   90   0.0
5400   90   0.0
5490   90   0.0
5580   90   0.0
5670   90   0.0
5760   90   0.0
5850   90   0.0
5940   90   0.0
   0  180   0.0
  90  180   0.0
 180  180   0.0
 270  180   0.0
 360  180   0.0
 450  180   0.0
 540  180   0.0
 630  180   0.0
 720  180   0.0
 810  180   0.0
 900  180   0.0
 990  180   0.0
1080  180   0.0
1170  180   0.0
1260  180   0.0
1350  180   0.0
1440  180   0.0
1530  180   0.0
1620  180   0.0
1710  180   0.0
1800  180   0.0
1890  180   0.0
1980  180   0.0
2070  180   0.0
2160  180   0.0
2250  180   0.0
2340  180   0.0
2430  180   0.0
2520  180   0.0
2610  180   0.0
2700  180   0.0
2790  180   0.0
2880  180   0.0
2970  180   0.0
3060  180   0.0
3150  180   0.0
3240  180   0.0
3330  180   0.0
3420  180   0.0
3510  180   0.0
3600  180   0.0
3690  180   0.0
3780  180   0.0
3870  180   0.0
3960  180   0.0
4050  180   0.0
4140  180   0.0
4230  180   0.0
4320  180   0.0
4410  180   0.0
4500  180   0.0
4590  180   0.0
4680  180   0.0
4770  180   0.0
4860  180   0.0
4950  180   0.0
5040  180   0.0
5130  180   0.0
5220  180   0.0
5310  180   0.0
5400  180   0.0
5490  180   0.0
5580  180   0.0
5670  180   0.0
5760  180   0.0
5850  180   0.0
5940  180   0.0
   0  270   0.0
  90  270   0.0
 180  270   0.0
 270  270   0.0
 360  270   0.0
 450  270   0.0
 540  270   0.0
 630  270   0.0
 720  270   0.0
 810  270   0.0
 900  270   0.0
 990  270   0.0
1080  270   0.0
1170  270   0.0
1260  270   0.0
1350  270   0.0
1440  270   0.0
1530  270   0.0
1620  270   0.0
1710  270   0.0
1800  270   0.0
1890  270   0.0
1980  270   0.0
2070  270   0.0
2160  270   0.0
2250  270   0.0
2340  270   0.0
2430  270   0.0
2520  270   0.0
2610  270   0.0
2700  270   0.0
2790  270   0.0
2880  270   0.0
2970  270   0.0
3060  270   0.0
3150  270   0.0
3240  270   0.0
3330  270   0.0
3420  270   0.0
3510  270   0.0
3600  270   0.0
3690  270   0.0
3780  270   0.0
3870  270   0.0
3960  270   0.0
4050  270   0.0
4140  270   0.0
4230  270   0.0
4320  270   0.0
4410  270   0.0
4500  270   0.0
4590  270   0.0
4680  270   0.0
4770  270   0.0
4860  270   0.0
4950  270   0.0
5040  270   0.0
5130  270   0.0
5220  270   0.0
5310  270   0.0
5400  270   0.0
5490  270   0.0
5580  270   0.0
5670  270   0.0
5760  270   0.0
5850  270   0.0
5940  270   0.0
   0  360   0.0
  90  360   0.0
 180  360   0.0
 270  360   0.0
 360  360   0.0
 450  360   0.0
 540  360   0.0
 630  360   0.0
 720  360   0.0
 810  360   0.0
 900  360   0.0
 990  360   0.0
1080  360   0.0
1170  360   0.0
1260  360   0.0
1350  360   0.0
1440  360   0.0
1530  360   0.0
1620  360   0.0
1710  360   0.0
1800  360   0.0
1890  360   0.0
1980  360   0.0
2070  360   0.0
2160  360   0.0
2250  360   0.0
2340  360   0.0
2430  360   0.0
2520  360   0.0
2610  360   0.0
2700  360   0.0
2790  360   0.0
2880  360   0.0
2970  360   0.0
3060  360   0.0
3150  360   0.0
3240  360   0.0
3330  360   0.0
3420  360   0.0
3510  360   0.0
3600  360   0.0
3690  360   0.0
3780  360   0.0
3870  360   0.0
3960  360   0.0
4050  360   0.0
4140  360   0.0
4230  360   0.0
4320  360   0.0
4410  360   0.0
4500  360   0.0
4590  360   0.0
4680  360   0.0
4770  360   0.0
4860  360   0.0
4950  360   0.0
5040  360   0.0
5130  360   0.0
5220  360   0.0
5310  360   0.0
5400  360   0.0
5490  360   0.0
5580  360   0.0
5670  360   0.0
5760  360   0.0
5850  360   0.0
5940  360   0.0
   0  450   0.0
  90  450   0.0
 180  450   0.0
 270  450   0.0
 360  450   0.0
 450  450   0.0
 540  450   0.0
 630  450   0.0
 720  450   0.0
 810  450   0.0
 900  450   0.0
 990  450   0.0
1080  450   0.0
1170  450   0.0
1260  450   0.0
1350  450   0.0
1440  450   0.0
1530  450   0.0
1620  450   0.0
1710  450   0.0
1800  450   0.0
1890  450   0.0
1980  450   0.0
2070  450   0.0
2160  450   0.0
2250  450   0.0
2340  450   0.0
2430  450   0.0
2520  450   0.0
2610  450   0.0
2700  450   0.0
2790  450   0.0
2880  450   0.0
2970  450   0.0
3060  450   0.0
3150  450   0.0
3240  450   0.0
3330  450   0.0
3420  450   0.0
3510  450   0.0
3600  450   0.0
3690  450   0.0
3780  450   0.0
3870  450   0.0
3960  450   0.0
4050  450   0.0
4140  450   0.0
4230  450   0.0
4320  450   0.0
4410  450   0.0
4500  450   0.0
4590  450   0.0
4680  450   0.0
4770  450   0.0
4860  450   0.0
4950  450   0.0
5040  450   0.0
5130  450   0.0
5220  450   0.0
5310  450   0.0
5400  450   0.0
5490  450   0.0
5580  450   0.0
5670  450   0.0
5760  450   0.0
5850  450   0.0
5940  450   0.0
   0  540   0.0
  90  540   0.0
 180  540   0.0
 270  540   0.0
 360  540   0.0
 450  540   0.0
 540  540   0.0
 630  540   0.0
 720  540   0.0
 810  540   0.0
 900  540   0.0
 990  540   0.0
1080  540   0.0
1170  540   0.0
1260  540   0.0
1350  540   0.0
1440  540   0.0
1530  540   0.0
1620  540   0.0
1710  540   0.0
1800  540   0.0
1890  540   0.0
1980  540   0.0
2070  540   0.0
2160  540   0.0
2250  540   0.0
2340  540   0.0
2430  540   0.0
2520  540   0.0
2610  540   0.0
2700  540   0.0
2790  540   0.0
2880  540   0.0
2970  540   0.0
3060  540   0.0
3150  540   0.0
3240  540   0.0
3330  540   0.0
3420  540   0.0
3510  540   0.0
3600  540   0.0
3690  540   0.0
3780  540   0.0
3870  540   0.0
3960  540   0.0
4050  540   0.0
4140  540   0.0
4230  540   0.0
4320  540   0.0
4410  540   0.0
4500  540   0.0
4590  540   0.0
4680  540   0.0
4770  540   0.0
4860  540   0.0
4950  540   0.0
5040  540   0.0
5130  540   0.0
5220  540   0.0
5310  540   0.0
5400  540   0.0
5490  540   0.0
5580  540   0.0
5670  540   0.0
5760  540   0.0
5850  540   0.0
5940  540   0.0
   0  630   0.0
  90  630   0.0
 180  630   0.0
 270  630   0.0
 360  630   0.0
 450  630   0.0
 540  630   0.0
 630  630   0.0
 720  630   0.0
 810  630   0.0
 900  630   0.0
 990  630   0.0
1080  630   0.0
1170  630   0.0
1260  630   0.0
1350  630   0.0
1440  630   0.0
1530  630   0.0
1620  630   0.0
1710  630   0.0
1800  630   0.0
1890  630   0.0
1980  630   0.0
2070  630   0.0
2160  630   0.0
2250  630   0.0
2340  630   0.0
2430  630   0.1
2520  630   0.1
2610  630   0.1
2700  630   0.1
2790  630   0.1
2880  630   0.1
2970  630   0.1
3060  630   0.1
3150  630   0.1
3240  630   0.1
3330  630   0.1
3420  630   0.1
3510  630   0.1
3600  630   0.0
3690  630   0.0
3780  630   0.0
3870  630   0.0
3960  630   0.0
4050  630   0.0
4140  630   0.0
4230  630   0.0
4320  630   0.0
4410  630   0.0
4500  630   0.0
4590  630   0.0
4680  630   0.0
4770  630   0.0
4860  630   0.0
4950  630   0.0
5040  630   0.0
5130  630   0.0
5220  630   0.0
5310  630   0.0
5400  630   0.0
5490  630   0.0
5580  630   0.0
5670  630   0.0
5760  630   0.0
5850  630   0.0
5940  630   0.0
   0  720   0.0
  90  720   0.0
 180  720   0.0
 270  720   0.0
 360  720   0.0
 450  720   0.0
 540  720   0.0
 630  720   0.0
 720  720   0.0
 810  720   0.0
 900  720   0.0
 990  720   0.0
1080  720   0.0
1170  720   0.0
1260  720   0.0
1350  720   0.0
1440  720   0.0
1530  720   0.0
1620  720   0.0
1710  720   0.0
1800  720   0.0
1890  720   0.0
1980  720   0.0
2070  720   0.0
2160  720   0.1
2250  720   0.1
2340  720   0.1
2430  720   0.1
2520  720   0.1
2610  720   0.1
2700  720   0.1
2790  720   0.1
2880  720   0.1
2970  720   0.1
3060  720   0.1
3150  720   0.1
3240  720   0.1
3330  720   0.1
3420  720   0.1
3510  720   0.1
3600  720   0.1
3690  720   0.1
3780  720   0.1
3870  720   0.1
3960  720   0.0
4050  720   0.0
4140  720   0.0
4230  720   0.0
4320  720   0.0
4410  720   0.0
4500  720   0.0
4590  720   0.0
4680  720   0.0
4770  720   0.0
4860  720   0.0
4950  720   0.0
5040  720   0.0
5130  720   0.0
5220  720   0.0
5310  720   0.0
5400  720   0.0
5490  720   0.0
5580  720   0.0
5670  720   0.0
5760  720   0.0
5850  720   0.0
5940  720   0.0
   0  810   0.0
  90  810   0.0
 180  810   0.0
 270  810   0.0
 360  810   0.0
 450  810   0.0
 540  810   0.0
 630  810   0.0
 720  810   0.0
 810  810   0.0
 900  810   0.0
 990  810   0.0
1080  810   0.0
1170  810   0.0
1260  810   0.0
1350  810   0.0
1440  810   0.0
1530  810   0.0
1620  810   0.0
1710  810   0.0
1800  810   0.0
1890  810   0.0
1980  810   0.1
2070  810   0.1
2160  810   0.1
2250  810   0.1
2340  810   0.1
2430  810   0.2
2520  810   0.2
2610  810   0.2
2700  810   0.2
2790  810   0.2
2880  810   0.3
2970  810   0.3
3060  810   0.3
3150  810   0.2
3240  810   0.2
3330  810   0.2
3420  810   0.2
3510  810   0.2
3600  810   0.2
3690  810   0.1
3780  810   0.1
3870  810   0.1
3960  810   0.1
4050  810   0.1
4140  810   0.0
4230  810   0.0
4320  810   0.0
4410  810   0.0
4500  810   0.0
4590  810   0.0
4680  810   0.0
4770  810   0.0
4860  810   0.0
4950  810   0.0
5040  810   0.0
5130  810   0.0
5220  810   0.0
5310  810   0.0
5400  810   0.0
5490  810   0.0
5580  810   0.0
5670  810   0.0
5760  810   0.0
5850  810   0.0
5940  810   0.0
   0  900   0.0
  90  900   0.0
 180  900   0.0
 270  900   0.0
 360  900   0.0
 450  900   0.0
 540  900   0.0
 630  900   0.0
 720  900   0.0
 810  900   0.0
 900  900   0.0
 990  900   0.0
1080  900   0.0
1170  900   0.0
1260  900   0.0
1350  900   0.0
1440  900   0.0
1530  900   0.0
1620  900   0.0
1710  900   0.0
1800  900   0.1
1890  900   0.1
1980  900   0.1
2070  900   0.1
2160  900   0.2
2250  900   0.2
2340  900   0.2
2430  900   0.3
2520  900   0.3
2610  900   0.4
2700  900   0.4
2790  900   0.4
2880  900   0.4
2970  900   0.4
3060  900   0.4
3150  900   0.4
3240  900   0.4
3330  900   0.4
3420  900   0.3
3510  900   0.3
3600  900   0.3
3690  900   0.2
3780  900   0.2
3870  900   0.2
3960  900   0.1
4050  900   0.1
4140  900   0.1
4230  900   0.1
4320  900   0.0
4410  900   0.0
4500  900   0.0
4590  900   0.0
4680  900   0.0
4770  900   0.0
4860  900   0.0
4950  900   0.0
5040  900   0.0
5130  900   0.0
5220  900   0.0
5310  900   0.0
5400  900   0.0
5490  900   0.0
5580  900   0.0
5670  900   0.0
5760  900   0.0
5850  900   0.0
5940  900   0.0
   0  990   0.0
  90  990   0.0
 180  990   0.0
 270  990   0.0
 360  990   0.0
 450  990   0.0
 540  990   0.0
 630  990   0.0
 720  990   0.0
 810  990   0.0
 900  990   0.0
 990  990   0.0
1080  990   0.0
1170  990   0.0
1260  990   0.0
1350  990   0.0
1440  990   0.0
1530  990   0.0
1620  990   0.1
1710  990   0.1
1800  990   0.1
1890  990   0.1
1980  990   0.2
2070  990   0.2
2160  990   0.3
2250  990   0.3
2340  990   0.4
2430  990   0.5
2520  990   0.5
2610  990   0.6
2700  990   0.6
2790  990   0.7
2880  990   0.7
2970  990   0.7
3060  990   0.7
3150  990   0.7
3240  990   0.7
3330  990   0.6
3420  990   0.6
3510  990   0.5
3600  990   0.4
3690  990   0.4
3780  990   0.3
3870  990   0.3
3960  990   0.2
4050  990   0.2
4140  990   0.1
4230  990   0.1
4320  990   0.1
4410  990   0.0
4500  990   0.0
4590  990   0.0
4680  990   0.0
4770  990   0.0
4860  990   0.0
4950  990   0.0
5040  990   0.0
5130  990   0.0
5220  990   0.0
5310  990   0.0
5400  990   0.0
5490  990   0.0
5580  990   0.0
5670  990   0.0
5760  990   0.0
5850  990   0.0
5940  990   0.0
   0 1080   0.0
  90 1080   0.0
 180 1080   0.0
 270 1080   0.0
 360 1080   0.0
 450 1080   0.0
 540 1080   0.0
 630 1080   0.0
 720 1080   0.0
 810 1080   0.0
 900 1080   0.0
 990 1080   0.0
1080 1080   0.0
1170 1080   0.0
1260 1080   0.0
1350 1080   0.0
1440 1080   0.0
1530 1080   0.1
1620 1080   0.1
1710 1080   0.1
1800 1080   0.2
1890 1080   0.2
1980 1080   0.3
2070 1080   0.4
2160 1080   0.4
2250 1080   0.5
2340 1080   0.7
2430 1080   0.8
2520 1080   0.9
2610 1080   1.0
2700 1080   1.1
2790 1080   1.1
2880 1080   1.2
2970 1080   1.2
3060 1080   1.2
3150 1080   1.2
3240 1080   1.1
3330 1080   1.0
3420 1080   0.9
3510 1080   0.8
3600 1080   0.7
3690 1080   0.6
3780 1080   0.5
3870 1080   0.4
3960 1080   0.3
4050 1080   0.3
4140 1080   0.2
4230 1080   0.1
4320 1080   0.1
4410 1080   0.1
4500 1080   0.1
4590 1080   0.0
4680 1080   0.0
4770 1080   0.0
4860 1080   0.0
4950 1080   0.0
5040 1080   0.0
5130 1080   0.0
5220 1080   0.0
5310 1080   0.0
5400 1080   0.0
5490 1080   0.0
5580 1080   0.0
5670 1080   0.0
5760 1080   0.0
5850 1080   0.0
5940 1080   0.0
   0 1170   0.0
  90 1170   0.0
 180 1170   0.0
 270 1170   0.0
 360 1170   0.0
 450 1170   0.0
 540 1170   0.0
 630 1170   0.0
 720 1170   0.0
 810 1170   0.0
 900 1170   0.0
 990 1170   0.0
1080 1170   0.0
1170 1170   0.0
1260 1170   0.0
1350 1170   0.0
1440 1170   0.1
1530 1170   0.1
1620 1170   0.1
1710 1170   0.2
1800 1170   0.3
1890 1170   0.3
1980 1170   0.5
2070 1170   0.6
2160 1170   0.7
2250 1170   0.9
2340 1170   1.0
2430 1170   1.2
2520 1170   1.4
2610 1170   1.5
2700 1170   1.7
2790 1170   1.8
2880 1170   1.9
2970 1170   1.9
3060 1170   1.9
3150 1170   1.9
3240 1170   1.8
3330 1170   1.6
3420 1170   1.5
3510 1170   1.3
3600 1170   1.2
3690 1170   1.0
3780 1170   0.8
3870 1170   0.7
3960 1170   0.5
4050 1170   0.4
4140 1170   0.3
4230 1170   0.2
4320 1170   0.2
4410 1170   0.1
4500 1170   0.1
4590 1170   0.1
4680 1170   0.0
4770 1170   0.0
4860 1170   0.0
4950 1170   0.0
5040 1170   0.0
5130 1170   0.0
5220 1170   0.0
5310 1170   0.0
5400 1170   0.0
5490 1170   0.0
5580 1170   0.0
5670 1170   0.0
5760 1170   0.0
5850 1170   0.0
5940 1170   0.0
   0 1260   0.0
  90 1260   0.0
 180 1260   0.0
 270 1260   0.0
 360 1260   0.0
 450 1260   0.0
 540 1260   0.0
 630 1260   0.0
 720 1260   0.0
 810 1260   0.0
 900 1260   0.0
 990 1260   0.0
1080 1260   0.0
1170 1260   0.0
1260 1260   0.0
1350 1260   0.1
1440 1260   0.1
1530 1260   0.1
1620 1260   0.2
1710 1260   0.3
1800 1260   0.4
1890 1260   0.5
1980 1260   0.7
2070 1260   0.9
2160 1260   1.1
2250 1260   1.4
2340 1260   1.6
2430 1260   1.9
2520 1260   2.2
2610 1260   2.4
2700 1260   2.6
2790 1260   2.8
2880 1260   2.9
2970 1260   3.0
3060 1260   3.0
3150 1260   2.9
3240 1260   2.8
3330 1260   2.6
3420 1260   2.3
3510 1260   2.1
3600 1260   1.8
3690 1260   1.5
3780 1260   1.3
3870 1260   1.0
3960 1260   0.8
4050 1260   0.6
4140 1260   0.5
4230 1260   0.4
4320 1260   0.3
4410 1260   0.2
4500 1260   0.1
4590 1260   0.1
4680 1260   0.1
4770 1260   0.0
4860 1260   0.0
4950 1260   0.0
5040 1260   0.0
5130 1260   0.0
5220 1260   0.0
5310 1260   0.0
5400 1260   0.0
5490 1260   0.0
5580 1260   0.0
5670 1260   0.0
5760 1260   0.0
5850 1260   0.0
5940 1260   0.0
   0 1350   0.0
  90 1350   0.0
 180 1350   0.0
 270 1350   0.0
 360 1350   0.0
 450 1350   0.0
 540 1350   0.0
 630 1350   0.0
 720 1350   0.0
 810 1350   0.0
 900 1350   0.0
 990 1350   0.0
1080 1350   0.0
1170 1350   0.0
1260 1350   0.1
1350 1350   0.1
1440 1350   0.2
1530 1350   0.2
1620 1350   0.3
1710 1350   0.5
1800 1350   0.6
1890 1350   0.8
1980 1350   1.1
2070 1350   1.4
2160 1350   1.7
2250 1350   2.1
2340 1350   2.5
2430 1350   2.9
2520 1350   3.3
2610 1350   3.7
2700 1350   4.0
2790 1350   4.3
2880 1350   4.5
2970 1350   4.6
3060 1350   4.5
3150 1350   4.4
3240 1350   4.2
3330 1350   3.9
3420 1350   3.6
3510 1350   3.2
3600 1350   2.8
3690 1350   2.4
3780 1350   2.0
3870 1350   1.6
3960 1350   1.3
4050 1350   1.0
4140 1350   0.7
4230 1350   0.6
4320 1350   0.4
4410 1350   0.3
4500 1350   0.2
4590 1350   0.1
4680 1350   0.1
4770 1350   0.1
4860 1350   0.0
4950 1350   0.0
5040 1350   0.0
5130 1350   0.0
5220 1350   0.0
5310 1350   0.0
5400 1350   0.0
5490 1350   0.0
5580 1350   0.0
5670 1350   0.0
5760 1350   0.0
5850 1350   0.0
5940 1350   0.0
   0 1440   0.0
  90 1440   0.0
 180 1440   0.0
 270 1440   0.0
 360 1440   0.0
 450 1440   0.0
 540 1440   0.0
 630 1440   0.0
 720 1440   0.0
 810 1440   0.0
 900 1440   0.0
 990 1440   0.0
1080 1440   0.0
1170 1440   0.1
1260 1440   0.1
1350 1440   0.2
1440 1440   0.2
1530 1440   0.3
1620 1440   0.5
1710 1440   0.7
1800 1440   0.9
1890 1440   1.2
1980 1440   1.6
2070 1440   2.0
2160 1440   2.6
2250 1440   3.1
2340 1440   3.7
2430 1440   4.3
2520 1440   4.9
2610 1440   5.5
2700 1440   6.0
2790 1440   6.4
2880 1440   6.7
2970 1440   6.8
3060 1440   6.8
3150 1440   6.6
3240 1440   6.3
3330 1440   5.9
3420 1440   5.3
3510 1440   4.7
3600 1440   4.1
3690 1440   3.5
3780 1440   2.9
3870 1440   2.4
3960 1440   1.9
4050 1440   1.5
4140 1440   1.1
4230 1440   0.8
4320 1440   0.6
4410 1440   0.4
4500 1440   0.3
4590 1440   0.2
4680 1440   0.1
4770 1440   0.1
4860 1440   0.1
4950 1440   0.0
5040 1440   0.0
5130 1440   0.0
5220 1440   0.0
5310 1440   0.0
5400 1440   0.0
5490 1440   0.0
5580 1440   0.0
5670 1440   0.0
5760 1440   0.0
5850 1440   0.0
5940 1440   0.0
   0 1530   0.0
  90 1530   0.0
 180 1530   0.0
 270 1530   0.0
 360 1530   0.0
 450 1530   0.0
 540 1530   0.0
 630 1530   0.0
 720 1530   0.0
 810 1530   0.0
 900 1530   0.0
 990 1530   0.0
1080 1530   0.1
1170 1530   0.1
1260 1530   0.1
1350 1530   0.2
1440 1530   0.3
1530 1530   0.5
1620 1530   0.7
1710 1530   1.0
1800 1530   1.3
1890 1530   1.8
1980 1530   2.3
2070 1530   3.0
2160 1530   3.7
2250 1530   4.6
2340 1530   5.4
2430 1530   6.3
2520 1530   7.2
2610 1530   8.1
2700 1530   8.8
2790 1530   9.4
2880 1530   9.7
2970 1530   9.9
3060 1530   9.9
3150 1530   9.6
3240 1530   9.2
3330 1530   8.5
3420 1530   7.8
3510 1530   6.9
3600 1530   6.0
3690 1530   5.1
3780 1530   4.3
3870 1530   3.5
3960 1530   2.8
4050 1530   2.2
4140 1530   1.6
4230 1530   1.2
4320 1530   0.9
4410 1530   0.6
4500 1530   0.4
4590 1530   0.3
4680 1530   0.2
4770 1530   0.1
4860 1530   0.1
4950 1530   0.1
5040 1530   0.0
5130 1530   0.0
5220 1530   0.0
5310 1530   0.0
5400 1530   0.0
5490 1530   0.0
5580 1530   0.0
5670 1530   0.0
5760 1530   0.0
5850 1530   0.0
5940 1530   0.0
   0 1620   0.0
  90 1620   0.0
 180 1620   0.0
 270 1620   0.0
 360 1620   0.0
 450 1620   0.0
 540 1620   0.0
 630 1620   0.0
 720 1620   0.0
 810 1620   0.0
 900 1620   0.0
 990 1620   0.1
1080 1620   0.1
1170 1620   0.1
1260 1620   0.2
1350 1620   0.3
1440 1620   0.5
1530 1620   0.7
1620 1620   1.0
1710 1620   1.4
1800 1620   1.9
1890 1620   2.6
1980 1620   3.3
2070 1620   4.3
2160 1620   5.3
2250 1620   6.5
2340 1620   7.8
2430 1620   9.0
2520 1620  10.3
2610 1620  11.5
2700 1620  12.5
2790 1620  13.4
2880 1620  13.9
2970 1620  14.2
3060 1620  14.1
3150 1620  13.8
3240 1620  13.1
3330 1620  12.2
3420 1620  11.1
3510 1620   9.9
3600 1620   8.6
3690 1620   7.3
3780 1620   6.1
3870 1620   5.0
3960 1620   3.9
4050 1620   3.1
4140 1620   2.3
4230 1620   1.7
4320 1620   1.3
4410 1620   0.9
4500 1620   0.6
4590 1620   0.4
4680 1620   0.3
4770 1620   0.2
4860 1620   0.1
4950 1620   0.1
5040 1620   0.0
5130 1620   0.0
5220 1620   0.0
5310 1620   0.0
5400 1620   0.0
5490 1620   0.0
5580 1620   0.0
5670 1620   0.0
5760 1620   0.0
5850 1620   0.0
5940 1620   0.0
   0 1710   0.0
  90 1710   0.0
 180 1710   0.0
 270 1710   0.0
 360 1710   0.0
 450 1710   0.0
 540 1710   0.0
 630 1710   0.0
 720 1710   0.0
 810 1710   0.0
 900 1710   0.0
 990 1710   0.1
1080 1710   0.1
1170 1710   0.2
1260 1710   0.3
1350 1710   0.5
1440 1710   0.7
1530 1710   1.0
1620 1710   1.4
1710 1710   2.0
1800 1710   2.7
1890 1710   3.6
1980 1710   4.7
2070 1710   6.0
2160 1710   7.4
2250 1710   9.1
2340 1710  10.8
2430 1710  12.6
2520 1710  14.4
2610 1710  16.1
2700 1710  17.5
2790 1710  18.6
2880 1710  19.4
2970 1710  19.8
3060 1710  19.7
3150 1710  19.2
3240 1710  18.3
3330 1710  17.0
3420 1710  15.5
3510 1710  13.8
3600 1710  12.0
3690 1710  10.2
3780 1710   8.5
3870 1710   6.9
3960 1710   5.5
4050 1710   4.3
4140 1710   3.3
4230 1710   2.4
4320 1710   1.8
4410 1710   1.3
4500 1710   0.9
4590 1710   0.6
4680 1710   0.4
4770 1710   0.3
4860 1710   0.2
4950 1710   0.1
5040 1710   0.1
5130 1710   0.0
5220 1710   0.0
5310 1710   0.0
5400 1710   0.0
5490 1710   0.0
5580 1710   0.0
5670 1710   0.0
5760 1710   0.0
5850 1710   0.0
5940 1710   0.0
   0 1800   0.0
  90 1800   0.0
 180 1800   0.0
 270 1800   0.0
 360 1800   0.0
 450 1800   0.0
 540 1800   0.0
 630 1800   0.0
 720 1800   0.0
 810 1800   0.0
 900 1800   0.1
 990 1800   0.1
1080 1800   0.2
1170 1800   0.3
1260 1800   0.4
1350 1800   0.6
1440 1800   0.9
1530 1800   1.3
1620 1800   1.9
1710 1800   2.7
1800 1800   3.7
1890 1800   4.9
1980 1800   6.4
2070 1800   8.1
2160 1800  10.2
2250 1800  12.4
2340 1800  14.8
2430 1800  17.2
2520 1800  19.7
2610 1800  21.9
2700 1800  23.9
2790 1800  25.5
2880 1800  26.5
2970 1800  27.0
3060 1800  26.9
3150 1800  26.2
3240 1800  25.0
3330 1800  23.3
3420 1800  21.2
3510 1800  18.9
3600 1800  16.4
3690 1800  14.0
3780 1800  11.6
3870 1800   9.5
3960 1800   7.5
4050 1800   5.9
4140 1800   4.5
4230 1800   3.3
4320 1800   2.4
4410 1800   1.7
4500 1800   1.2
4590 1800   0.8
4680 1800   0.5
4770 1800   0.3
4860 1800   0.2
4950 1800   0.1
5040 1800   0.1
5130 1800   0.0
5220 1800   0.0
5310 1800   0.0
5400 1800   0.0
5490 1800   0.0
5580 1800   0.0
5670 1800   0.0
5760 1800   0.0
5850 1800   0.0
5940 1800   0.0
   0 1890   0.0
  90 1890   0.0
 180 1890   0.0
 270 1890   0.0
 360 1890   0.0
 450 1890   0.0
 540 1890   0.0
 630 1890   0.0
 720 1890   0.0
 810 1890   0.0
 900 1890   0.1
 990 1890   0.1
1080 1890   0.2
1170 1890   0.3
1260 1890   0.5
1350 1890   0.8
1440 1890   1.2
1530 1890   1.8
1620 1890   2.6
1710 1890   3.6
1800 1890   4.9
1890 1890   6.5
1980 1890   8.5
2070 1890  10.9
2160 1890  13.6
2250 1890  16.5
2340 1890  19.7
2430 1890  23.0
2520 1890  26.2
2610 1890  29.2
2700 1890  31.9
2790 1890  34.0
2880 1890  35.4
2970 1890  36.1
3060 1890  35.9
3150 1890  35.0
3240 1890  33.4
3330 1890  31.1
3420 1890  28.3
3510 1890  25.2
3600 1890  21.9
3690 1890  18.6
3780 1890  15.5
3870 1890  12.6
3960 1890  10.0
4050 1890   7.8
4140 1890   5.9
4230 1890   4.4
4320 1890   3.2
4410 1890   2.3
4500 1890   1.6
4590 1890   1.1
4680 1890   0.7
4770 1890   0.5
4860 1890   0.3
4950 1890   0.2
5040 1890   0.1
5130 1890   0.1
5220 1890   0.0
5310 1890   0.0
5400 1890   0.0
5490 1890   0.0
5580 1890   0.0
5670 1890   0.0
5760 1890   0.0
5850 1890   0.0
5940 1890   0.0
   0 1980   0.0
  90 1980   0.0
 180 1980   0.0
 270 1980   0.0
 360 1980   0.0
 450 1980   0.0
 540 1980   0.0
 630 1980   0.0
 720 1980   0.0
 810 1980   0.1
 900 1980   0.1
 990 1980   0.2
1080 1980   0.3
1170 1980   0.5
1260 1980   0.7
1350 1980   1.1
1440 1980   1.6
1530 1980   2.3
1620 1980   3.3
1710 1980   4.7
1800 1980   6.4
1890 1980   8.5
1980 1980  11.1
2070 1980  14.2
2160 1980  17.7
2250 1980  21.6
2340 1980  25.7
2430 1980  30.0
2520 1980  34.2
2610 1980  38.2
2700 1980  41.6
2790 1980  44.3
2880 1980  46.2
2970 1980  47.1
3060 1980  46.9
3150 1980  45.7
3240 1980  43.5
3330 1980  40.5
3420 1980  36.9
3510 1980  32.9
3600 1980  28.6
3690 1980  24.3
3780 1980  20.3
3870 1980  16.5
3960 1980  13.1
4050 1980  10.2
4140 1980   7.8
4230 1980   5.8
4320 1980   4.2
4410 1980   3.0
4500 1980   2.1
4590 1980   1.4
4680 1980   0.9
4770 1980   0.6
4860 1980   0.4
4950 1980   0.2
5040 1980   0.1
5130 1980   0.1
5220 1980   0.1
5310 1980   0.0
5400 1980   0.0
5490 1980   0.0
5580 1980   0.0
5670 1980   0.0
5760 1980   0.0
5850 1980   0.0
5940 1980   0.0
   0 2070   0.0
  90 2070   0.0
 180 2070   0.0
 270 2070   0.0
 360 2070   0.0
 450 2070   0.0
 540 2070   0.0
 630 2070   0.0
 720 2070   0.0
 810 2070   0.1
 900 2070   0.1
 990 2070   0.2
1080 2070   0.4
1170 2070   0.6
1260 2070   0.9
1350 2070   1.4
1440 2070   2.0
1530 2070   3.0
1620 2070   4.3
1710 2070   6.0
1800 2070   8.1
1890 2070  10.9
1980 2070  14.2
2070 2070  18.1
2160 2070  22.6
2250 2070  27.5
2340 2070  32.9
2430 2070  38.3
2520 2070  43.7
2610 2070  48.7
2700 2070  53.1
2790 2070  56.6
2880 2070  59.0
2970 2070  60.1
3060 2070  59.9
3150 2070  58.3
3240 2070  55.5
3330 2070  51.7
3420 2070  47.1
3510 2070  41.9
3600 2070  36.5
3690 2070  31.1
3780 2070  25.8
3870 2070  21.0
3960 2070  16.7
4050 2070  13.0
4140 2070   9.9
4230 2070   7.4
4320 2070   5.3
4410 2070   3.8
4500 2070   2.6
4590 2070   1.8
4680 2070   1.2
4770 2070   0.8
4860 2070   0.5
4950 2070   0.3
5040 2070   0.2
5130 2070   0.1
5220 2070   0.1
5310 2070   0.0
5400 2070   0.0
5490 2070   0.0
5580 2070   0.0
5670 2070   0.0
5760 2070   0.0
5850 2070   0.0
5940 2070   0.0
   0 2160   0.0
  90 2160   0.0
 180 2160   0.0
 270 2160   0.0
 360 2160   0.0
 450 2160   0.0
 540 2160   0.0
 630 2160   0.0
 720 2160   0.1
 810 2160   0.1
 900 2160   0.2
 990 2160   0.3
1080 2160   0.4
1170 2160   0.7
1260 2160   1.1
1350 2160   1.7
1440 2160   2.6
1530 2160   3.7
1620 2160   5.3
1710 2160   7.4
1800 2160  10.2
1890 2160  13.6
1980 2160  17.7
2070 2160  22.6
2160 2160  28.2
2250 2160  34.4
2340 2160  41.0
2430 2160  47.8
2520 2160  54.5
2610 2160  60.8
2700 2160  66.2
2790 2160  70.6
2880 2160  73.6
2970 2160  75.0
3060 2160  74.7
3150 2160  72.8
3240 2160  69.3
3330 2160  64.5
3420 2160  58.8
3510 2160  52.3
3600 2160  45.5
3690 2160  38.7
3780 2160  32.2
3870 2160  26.2
3960 2160  20.9
4050 2160  16.2
4140 2160  12.3
4230 2160   9.2
4320 2160   6.7
4410 2160   4.7
4500 2160   3.3
4590 2160   2.2
4680 2160   1.5
4770 2160   1.0
4860 2160   0.6
4950 2160   0.4
5040 2160   0.2
5130 2160   0.1
5220 2160   0.1
5310 2160   0.0
5400 2160   0.0
5490 2160   0.0
5580 2160   0.0
5670 2160   0.0
5760 2160   0.0
5850 2160   0.0
5940 2160   0.0
   0 2250   0.0
  90 2250   0.0
 180 2250   0.0
 270 2250   0.0
 360 2250   0.0
 450 2250   0.0
 540 2250   0.0
 630 2250   0.0
 720 2250   0.1
 810 2250   0.1
 900 2250   0.2
 990 2250   0.3
1080 2250   0.5
1170 2250   0.9
1260 2250   1.4
1350 2250   2.1
1440 2250   3.1
1530 2250   4.6
1620 2250   6.5
1710 2250   9.1
1800 2250  12.4
1890 2250  16.5
1980 2250  21.6
2070 2250  27.5
2160 2250  34.4
2250 2250  41.9
2340 2250  50.0
2430 2250  58.3
2520 2250  66.5
2610 2250  74.1
2700 2250  80.8
2790 2250  86.1
2880 2250  89.8
2970 2250  91.5
3060 2250  91.1
3150 2250  88.7
3240 2250  84.5
3330 2250  78.7
3420 2250  71.7
3510 2250  63.8
3600 2250  55.5
3690 2250  47.3
3780 2250  39.3
3870 2250  32.0
3960 2250  25.5
4050 2250  19.8
4140 2250  15.1
4230 2250  11.2
4320 2250   8.1
4410 2250   5.8
4500 2250   4.0
4590 2250   2.7
4680 2250   1.8
4770 2250   1.2
4860 2250   0.7
4950 2250   0.5
5040 2250   0.3
5130 2250   0.2
5220 2250   0.1
5310 2250   0.1
5400 2250   0.0
5490 2250   0.0
5580 2250   0.0
5670 2250   0.0
5760 2250   0.0
5850 2250   0.0
5940 2250   0.0
   0 2340   0.0
  90 2340   0.0
 180 2340   0.0
 270 2340   0.0
 360 2340   0.0
 450 2340   0.0
 540 2340   0.0
 630 2340   0.0
 720 2340   0.1
 810 2340   0.1
 900 2340   0.2
 990 2340   0.4
1080 2340   0.7
1170 2340   1.0
1260 2340   1.6
1350 2340   2.5
1440 2340   3.7
1530 2340   5.4
1620 2340   7.8
1710 2340  10.8
1800 2340  14.8
1890 2340  19.7
1980 2340  25.7
2070 2340  32.9
2160 2340  41.0
2250 2340  50.0
2340 2340  59.6
2430 2340  69.6
2520 2340  79.3
2610 2340  88.4
2700 2340  96.4
2790 2340 102.7
2880 2340 107.1
2970 2340 109.1
3060 2340 108.7
3150 2340 105.9
3240 2340 100.8
3330 2340  93.9
3420 2340  85.5
3510 2340  76.1
3600 2340  66.2
3690 2340  56.4
3780 2340  46.9
3870 2340  38.2
3960 2340  30.4
4050 2340  23.6
4140 2340  18.0
4230 2340  13.4
4320 2340   9.7
4410 2340   6.9
4500 2340   4.8
4590 2340   3.3
4680 2340   2.2
4770 2340   1.4
4860 2340   0.9
4950 2340   0.6
5040 2340   0.3
5130 2340   0.2
5220 2340   0.1
5310 2340   0.1
5400 2340   0.0
5490 2340   0.0
5580 2340   0.0
5670 2340   0.0
5760 2340   0.0
5850 2340   0.0
5940 2340   0.0
   0 2430   0.0
  90 2430   0.0
 180 2430   0.0
 270 2430   0.0
 360 2430   0.0
 450 2430   0.0
 540 2430   0.0
 630 2430   0.1
 720 2430   0.1
 810 2430   0.2
 900 2430   0.3
 990 2430   0.5
1080 2430   0.8
1170 2430   1.2
1260 2430   1.9
1350 2430   2.9
1440 2430   4.3
1530 2430   6.3
1620 2430   9.0
1710 2430  12.6
1800 2430  17.2
1890 2430  23.0
1980 2430  30.0
2070 2430  38.3
2160 2430  47.8
2250 2430  58.3
2340 2430  69.6
2430 2430  81.1
2520 2430  92.5
2610 2430 103.1
2700 2430 112.4
2790 2430 119.8
2880 2430 124.8
2970 2430 127.2
3060 2430 126.7
3150 2430 123.4
3240 2430 117.6
3330 2430 109.5
3420 2430  99.7
3510 2430  88.7
3600 2430  77.3
3690 2430  65.7
3780 2430  54.7
3870 2430  44.5
3960 2430  35.4
4050 2430  27.5
4140 2430  20.9
4230 2430  15.6
4320 2430  11.3
4410 2430   8.1
4500 2430   5.6
4590 2430   3.8
4680 2430   2.5
4770 2430   1.6
4860 2430   1.0
4950 2430   0.6
5040 2430   0.4
5130 2430   0.2
5220 2430   0.1
5310 2430   0.1
5400 2430   0.0
5490 2430   0.0
5580 2430   0.0
5670 2430   0.0
5760 2430   0.0
5850 2430   0.0
5940 2430   0.0
   0 2520   0.0
  90 2520   0.0
 180 2520   0.0
 270 2520   0.0
 360 2520   0.0
 450 2520   0.0
 540 2520   0.0
 630 2520   0.1
 720 2520   0.1
 810 2520   0.2
 900 2520   0.3
 990 2520   0.5
1080 2520   0.9
1170 2520   1.4
1260 2520   2.2
1350 2520   3.3
1440 2520   4.9
1530 2520   7.2
1620 2520  10.3
1710 2520  14.4
1800 2520  19.7
1890 2520  26.2
1980 2520  34.2
2070 2520  43.7
2160 2520  54.5
2250 2520  66.5
2340 2520  79.3
2430 2520  92.5
2520 2520 105.5
2610 2520 117.6
2700 2520 128.2
2790 2520 136.6
2880 2520 142.4
2970 2520 145.0
3060 2520 144.5
3150 2520 140.8
3240 2520 134.1
3330 2520 124.8
3420 2520 113.7
3510 2520 101.2
3600 2520  88.1
3690 2520  75.0
3780 2520  62.4
3870 2520  50.8
3960 2520  40.4
4050 2520  31.4
4140 2520  23.9
4230 2520  17.8
4320 2520  12.9
4410 2520   9.2
4500 2520   6.4
4590 2520   4.3
4680 2520   2.9
4770 2520   1.9
4860 2520   1.2
4950 2520   0.7
5040 2520   0.4
5130 2520   0.3
5220 2520   0.2
5310 2520   0.1
5400 2520   0.0
5490 2520   0.0
5580 2520   0.0
5670 2520   0.0
5760 2520   0.0
5850 2520   0.0
5940 2520   0.0
   0 2610   0.0
  90 2610   0.0
 180 2610   0.0
 270 2610   0.0
 360 2610   0.0
 450 2610   0.0
 540 2610   0.0
 630 2610   0.1
 720 2610   0.1
 810 2610   0.2
 900 2610   0.4
 990 2610   0.6
1080 2610   1.0
1170 2610   1.5
1260 2610   2.4
1350 2610   3.7
1440 2610   5.5
1530 2610   8.1
1620 2610  11.5
1710 2610  16.1
1800 2610  21.9
1890 2610  29.2
1980 2610  38.2
2070 2610  48.7
2160 2610  60.8
2250 2610  74.1
2340 2610  88.4
2430 2610 103.1
2520 2610 117.6
2610 2610 131.1
2700 2610 142.9
2790 2610 152.3
2880 2610 158.7
2970 2610 161.7
3060 2610 161.1
3150 2610 156.9
3240 2610 149.5
3330 2610 139.2
3420 2610 126.7
3510 2610 112.8
3600 2610  98.2
3690 2610  83.6
3780 2610  69.6
3870 2610  56.6
3960 2610  45.0
4050 2610  35.0
4140 2610  26.6
4230 2610  19.8
4320 2610  14.4
4410 2610  10.2
4500 2610   7.1
4590 2610   4.8
4680 2610   3.2
4770 2610   2.1
4860 2610   1.3
4950 2610   0.8
5040 2610   0.5
5130 2610   0.3
5220 2610   0.2
5310 2610   0.1
5400 2610   0.1
5490 2610   0.0
5580 2610   0.0
5670 2610   0.0
5760 2610   0.0
5850 2610   0.0
5940 2610   0.0
   0 2700   0.0
  90 2700   0.0
 180 2700   0.0
 270 2700   0.0
 360 2700   0.0
 450 2700   0.0
 540 2700   0.0
 630 2700   0.1
 720 2700   0.1
 810 2700   0.2
 900 2700   0.4
 990 2700   0.6
1080 2700   1.1
1170 2700   1.7
1260 2700   2.6
1350 2700   4.0
1440 2700   6.0
1530 2700   8.8
1620 2700  12.5
1710 2700  17.5
1800 2700  23.9
1890 2700  31.9
1980 2700  41.6
2070 2700  53.1
2160 2700  66.2
2250 2700  80.8
2340 2700  96.4
2430 2700 112.4
2520 2700 128.2
2610 2700 142.9
2700 2700 155.8
2790 2700 166.0
2880 2700 173.0
2970 2700 176.3
3060 2700 175.6
3150 2700 171.1
3240 2700 162.9
3330 2700 151.7
3420 2700 138.1
3510 2700 123.0
3600 2700 107.1
3690 2700  91.1
3780 2700  75.8
3870 2700  61.7
3960 2700  49.1
4050 2700  38.2
4140 2700  29.0
4230 2700  21.6
4320 2700  15.7
4410 2700  11.2
4500 2700   7.8
4590 2700   5.3
4680 2700   3.5
4770 2700   2.3
4860 2700   1.4
4950 2700   0.9
5040 2700   0.5
5130 2700   0.3
5220 2700   0.2
5310 2700   0.1
5400 2700   0.1
5490 2700   0.0
5580 2700   0.0
5670 2700   0.0
5760 2700   0.0
5850 2700   0.0
5940 2700   0.0
   0 2790   0.0
  90 2790   0.0
 180 2790   0.0
 270 2790   0.0
 360 2790   0.0
 450 2790   0.0
 540 2790   0.0
 630 2790   0.1
 720 2790   0.1
 810 2790   0.2
 900 2790   0.4
 990 2790   0.7
1080 2790   1.1
1170 2790   1.8
1260 2790   2.8
1350 2790   4.3
1440 2790   6.4
1530 2790   9.4
1620 2790  13.4
1710 2790  18.6
1800 2790  25.5
1890 2790  34.0
1980 2790  44.3
2070 2790  56.6
2160 2790  70.6
2250 2790  86.1
2340 2790 102.7
2430 2790 119.8
2520 2790 136.6
2610 2790 152.3
2700 2790 166.0
2790 2790 176.9
2880 2790 184.4
2970 2790 187.9
3060 2790 187.2
3150 2790 182.3
3240 2790 173.7
3330 2790 161.7
3420 2790 147.2
3510 2790 131.1
3600 2790 114.1
3690 2790  97.1
3780 2790  80.8
3870 2790  65.7
3960 2790  52.3
4050 2790  40.7
4140 2790  30.9
4230 2790  23.0
4320 2790  16.7
4410 2790  11.9
4500 2790   8.3
4590 2790   5.6
4680 2790   3.7
4770 2790   2.4
4860 2790   1.5
4950 2790   1.0
5040 2790   0.6
5130 2790   0.3
5220 2790   0.2
5310 2790   0.1
5400 2790   0.1
5490 2790   0.0
5580 2790   0.0
5670 2790   0.0
5760 2790   0.0
5850 2790   0.0
5940 2790   0.0
   0 2880   0.0
  90 2880   0.0
 180 2880   0.0
 270 2880   0.0
 360 2880   0.0
 450 2880   0.0
 540 2880   0.0
 630 2880   0.1
 720 2880   0.1
 810 2880   0.3
 900 2880   0.4
 990 2880   0.7
1080 2880   1.2
1170 2880   1.9
1260 2880   2.9
1350 2880   4.5
1440 2880   6.7
1530 2880   9.7
1620 2880  13.9
1710 2880  19.4
1800 2880  26.5
1890 2880  35.4
1980 2880  46.2
2070 2880  59.0
2160 2880  73.6
2250 2880  89.8
2340 2880 107.1
2430 2880 124.8
2520 2880 142.4
2610 2880 158.7
2700 2880 173.0
2790 2880 184.4
2880 2880 192.2
2970 2880 195.8
3060 2880 195.1
3150 2880 190.0
3240 2880 181.0
3330 2880 168.5
3420 2880 153.4
3510 2880 136.6
3600 2880 118.9
3690 2880 101.2
3780 2880  84.2
3870 2880  68.5
3960 2880  54.5
4050 2880  42.4
4140 2880  32.2
4230 2880  24.0
4320 2880  17.4
4410 2880  12.4
4500 2880   8.6
4590 2880   5.9
4680 2880   3.9
4770 2880   2.5
4860 2880   1.6
4950 2880   1.0
5040 2880   0.6
5130 2880   0.4
5220 2880   0.2
5310 2880   0.1
5400 2880   0.1
5490 2880   0.0
5580 2880   0.0
5670 2880   0.0
5760 2880   0.0
5850 2880   0.0
5940 2880   0.0
   0 2970   0.0
  90 2970   0.0
 180 2970   0.0
 270 2970   0.0
 360 2970   0.0
 450 2970   0.0
 540 2970   0.0
 630 2970   0.1
 720 2970   0.1
 810 2970   0.3
 900 2970   0.4
 990 2970   0.7
1080 2970   1.2
1170 2970   1.9
1260 2970   3.0
1350 2970   4.6
1440 2970   6.8
1530 2970   9.9
1620 2970  14.2
1710 2970  19.8
1800 2970  27.0
1890 2970  36.1
1980 2970  47.1
2070 2970  60.1
2160 2970  75.0
2250 2970  91.5
2340 2970 109.1
2430 2970 127.2
2520 2970 145.0
2610 2970 161.7
2700 2970 176.3
2790 2970 187.9
2880 2970 195.8
2970 2970 199.5
3060 2970 198.8
3150 2970 193.6
3240 2970 184.4
3330 2970 171.7
3420 2970 156.3
3510 2970 139.2
3600 2970 121.2
3690 2970 103.1
3780 2970  85.8
3870 2970  69.8
3960 2970  55.5
4050 2970  43.2
4140 2970  32.9
4230 2970  24.4
4320 2970  17.8
4410 2970  12.6
4500 2970   8.8
4590 2970   6.0
4680 2970   4.0
4770 2970   2.6
4860 2970   1.6
4950 2970   1.0
5040 2970   0.6
5130 2970   0.4
5220 2970   0.2
5310 2970   0.1
5400 2970   0.1
5490 2970   0.0
5580 2970   0.0
5670 2970   0.0
5760 2970   0.0
5850 2970   0.0
5940 2970   0.0
   0 3060   0.0
  90 3060   0.0
 180 3060   0.0
 270 3060   0.0
 360 3060   0.0
 450 3060   0.0
 540 3060   0.0
 630 3060   0.1
 720 3060   0.1
 810 3060   0.3
 900 3060   0.4
 990 3060   0.7
1080 3060   1.2
1170 3060   1.9
1260 3060   3.0
1350 3060   4.5
1440 3060   6.8
1530 3060   9.9
1620 3060  14.1
1710 3060  19.7
1800 3060  26.9
1890 3060  35.9
1980 3060  46.9
2070 3060  59.9
2160 3060  74.7
2250 3060  91.1
2340 3060 108.7
2430 3060 126.7
2520 3060 144.5
2610 3060 161.1
2700 3060 175.6
2790 3060 187.2
2880 3060 195.1
2970 3060 198.8
3060 3060 198.0
3150 3060 192.9
3240 3060 183.7
3330 3060 171.1
3420 3060 155.8
3510 3060 138.7
3600 3060 120.7
3690 3060 102.7
3780 3060  85.5
3870 3060  69.6
3960 3060  55.3
4050 3060  43.0
4140 3060  32.7
4230 3060  24.3
4320 3060  17.7
4410 3060  12.6
4500 3060   8.7
4590 3060   5.9
4680 3060   3.9
4770 3060   2.6
4860 3060   1.6
4950 3060   1.0
5040 3060   0.6
5130 3060   0.4
5220 3060   0.2
5310 3060   0.1
5400 3060   0.1
5490 3060   0.0
5580 3060   0.0
5670 3060   0.0
5760 3060   0.0
5850 3060   0.0
5940 3060   0.0
   0 3150   0.0
  90 3150   0.0
 180 3150   0.0
 270 3150   0.0
 360 3150   0.0
 450 3150   0.0
 540 3150   0.0
 630 3150   0.1
 720 3150   0.1
 810 3150   0.2
 900 3150   0.4
 990 3150   0.7
1080 3150   1.2
1170 3150   1.9
1260 3150   2.9
1350 3150   4.4
1440 3150   6.6
1530 3150   9.6
1620 3150  13.8
1710 3150  19.2
1800 3150  26.2
1890 3150  35.0
1980 3150  45.7
2070 3150  58.3
2160 3150  72.8
2250 3150  88.7
2340 3150 105.9
2430 3150 123.4
2520 3150 140.8
2610 3150 156.9
2700 3150 171.1
2790 3150 182.3
2880 3150 190.0
2970 3150 193.6
3060 3150 192.9
3150 3150 187.9
3240 3150 178.9
3330 3150 166.6
3420 3150 151.7
3510 3150 135.1
3600 3150 117.6
3690 3150 100.1
3780 3150  83.3
3870 3150  67.7
3960 3150  53.9
4050 3150  41.9
4140 3150  31.9
4230 3150  23.7
4320 3150  17.2
4410 3150  12.3
4500 3150   8.5
4590 3150   5.8
4680 3150   3.8
4770 3150   2.5
4860 3150   1.6
4950 3150   1.0
5040 3150   0.6
5130 3150   0.4
5220 3150   0.2
5310 3150   0.1
5400 3150   0.1
5490 3150   0.0
5580 3150   0.0
5670 3150   0.0
5760 3150   0.0
5850 3150   0.0
5940 3150   0.0
   0 3240   0.0
  90 3240   0.0
 180 3240   0.0
 270 3240   0.0
 360 3240   0.0
 450 3240   0.0
 540 3240   0.0
 630 3240   0.1
 720 3240   0.1
 810 3240   0.2
 900 3240   0.4
 990 3240   0.7
1080 3240   1.1
1170 3240   1.8
1260 3240   2.8
1350 3240   4.2
1440 3240   6.3
1530 3240   9.2
1620 3240  13.1
1710 3240  18.3
1800 3240  25.0
1890 3240  33.4
1980 3240  43.5
2070 3240  55.5
2160 3240  69.3
2250 3240  84.5
2340 3240 100.8
2430 3240 117.6
2520 3240 134.1
2610 3240 149.5
2700 3240 162.9
2790 3240 173.7
2880 3240 181.0
2970 3240 184.4
3060 3240 183.7
3150 3240 178.9
3240 3240 170.4
3330 3240 158.7
3420 3240 144.5
3510 3240 128.6
3600 3240 112.0
3690 3240  95.3
3780 3240  79.3
3870 3240  64.5
3960 3240  51.3
4050 3240  39.9
4140 3240  30.4
4230 3240  22.6
4320 3240  16.4
4410 3240  11.7
4500 3240   8.1
4590 3240   5.5
4680 3240   3.7
4770 3240   2.4
4860 3240   1.5
4950 3240   0.9
5040 3240   0.6
5130 3240   0.3
5220 3240   0.2
5310 3240   0.1
5400 3240   0.1
5490 3240   0.0
5580 3240   0.0
5670 3240   0.0
5760 3240   0.0
5850 3240   0.0
5940 3240   0.0
   0 3330   0.0
  90 3330   0.0
 180 3330   0.0
 270 3330   0.0
 360 3330   0.0
 450 3330   0.0
 540 3330   0.0
 630 3330   0.1
 720 3330   0.1
 810 3330   0.2
 900 3330   0.4
 990 3330   0.6
1080 3330   1.0
1170 3330   1.6
1260 3330   2.6
1350 3330   3.9
1440 3330   5.9
1530 3330   8.5
1620 3330  12.2
1710 3330  17.0
1800 3330  23.3
1890 3330  31.1
1980 3330  40.5
2070 3330  51.7
2160 3330  64.5
2250 3330  78.7
2340 3330  93.9
2430 3330 109.5
2520 3330 124.8
2610 3330 139.2
2700 3330 151.7
2790 3330 161.7
2880 3330 168.5
2970 3330 171.7
3060 3330 171.1
3150 3330 166.6
3240 3330 158.7
3330 3330 147.8
3420 3330 134.6
3510 3330 119.8
3600 3330 104.3
3690 3330  88.7
3780 3330  73.9
3870 3330  60.1
3960 3330  47.8
4050 3330  37.2
4140 3330  28.3
4230 3330  21.0
4320 3330  15.3
4410 3330  10.9
4500 3330   7.6
4590 3330   5.1
4680 3330   3.4
4770 3330   2.2
4860 3330   1.4
4950 3330   0.9
5040 3330   0.5
5130 3330   0.3
5220 3330   0.2
5310 3330   0.1
5400 3330   0.1
5490 3330   0.0
5580 3330   0.0
5670 3330   0.0
5760 3330   0.0
5850 3330   0.0
5940 3330   0.0
   0 3420   0.0
  90 3420   0.0
 180 3420   0.0
 270 3420   0.0
 360 3420   0.0
 450 3420   0.0
 540 3420   0.0
 630 3420   0.1
 720 3420   0.1
 810 3420   0.2
 900 3420   0.3
 990 3420   0.6
1080 3420   0.9
1170 3420   1.5
1260 3420   2.3
1350 3420   3.6
1440 3420   5.3
1530 3420   7.8
1620 3420  11.1
1710 3420  15.5
1800 3420  21.2
1890 3420  28.3
1980 3420  36.9
2070 3420  47.1
2160 3420  58.8
2250 3420  71.7
2340 3420  85.5
2430 3420  99.7
2520 3420 113.7
2610 3420 126.7
2700 3420 138.1
2790 3420 147.2
2880 3420 153.4
2970 3420 156.3
3060 3420 155.8
3150 3420 151.7
3240 3420 144.5
3330 3420 134.6
3420 3420 122.5
3510 3420 109.1
3600 3420  94.9
3690 3420  80.8
3780 3420  67.2
3870 3420  54.7
3960 3420  43.5
4050 3420  33.9
4140 3420  25.7
4230 3420  19.1
4320 3420  13.9
4410 3420   9.9
4500 3420   6.9
4590 3420   4.7
4680 3420   3.1
4770 3420   2.0
4860 3420   1.3
4950 3420   0.8
5040 3420   0.5
5130 3420   0.3
5220 3420   0.2
5310 3420   0.1
5400 3420   0.1
5490 3420   0.0
5580 3420   0.0
5670 3420   0.0
5760 3420   0.0
5850 3420   0.0
5940 3420   0.0
   0 3510   0.0
  90 3510   0.0
 180 3510   0.0
 270 3510   0.0
 360 3510   0.0
 450 3510   0.0
 540 3510   0.0
 630 3510   0.1
 720 3510   0.1
 810 3510   0.2
 900 3510   0.3
 990 3510   0.5
1080 3510   0.8
1170 3510   1.3
1260 3510   2.1
1350 3510   3.2
1440 3510   4.7
1530 3510   6.9
1620 3510   9.9
1710 3510  13.8
1800 3510  18.9
1890 3510  25.2
1980 3510  32.9
2070 3510  41.9
2160 3510  52.3
2250 3510  63.8
2340 3510  76.1
2430 3510  88.7
2520 3510 101.2
2610 3510 112.8
2700 3510 123.0
2790 3510 131.1
2880 3510 136.6
2970 3510 139.2
3060 3510 138.7
3150 3510 135.1
3240 3510 128.6
3330 3510 119.8
3420 3510 109.1
3510 3510  97.1
3600 3510  84.5
3690 3510  71.9
3780 3510  59.9
3870 3510  48.7
3960 3510  38.7
4050 3510  30.1
4140 3510  22.9
4230 3510  17.0
4320 3510  12.4
4410 3510   8.8
4500 3510   6.1
4590 3510   4.2
4680 3510   2.8
4770 3510   1.8
4860 3510   1.1
4950 3510   0.7
5040 3510   0.4
5130 3510   0.3
5220 3510   0.1
5310 3510   0.1
5400 3510   0.0
5490 3510   0.0
5580 3510   0.0
5670 3510   0.0
5760 3510   0.0
5850 3510   0.0
5940 3510   0.0
   0 3600   0.0
  90 3600   0.0
 180 3600   0.0
 270 3600   0.0
 360 3600   0.0
 450 3600   0.0
 540 3600   0.0
 630 3600   0.0
 720 3600   0.1
 810 3600   0.2
 900 3600   0.3
 990 3600   0.4
1080 3600   0.7
1170 3600   1.2
1260 3600   1.8
1350 3600   2.8
1440 3600   4.1
1530 3600   6.0
1620 3600   8.6
1710 3600  12.0
1800 3600  16.4
1890 3600  21.9
1980 3600  28.6
2070 3600  36.5
2160 3600  45.5
2250 3600  55.5
2340 3600  66.2
2430 3600  77.3
2520 3600  88.1
2610 3600  98.2
2700 3600 107.1
2790 3600 114.1
2880 3600 118.9
2970 3600 121.2
3060 3600 120.7
3150 3600 117.6
3240 3600 112.0
3330 3600 104.3
3420 3600  94.9
3510 3600  84.5
3600 3600  73.6
3690 3600  62.6
3780 3600  52.1
3870 3600  42.4
3960 3600  33.7
4050 3600  26.2
4140 3600  20.0
4230 3600  14.8
4320 3600  10.8
4410 3600   7.7
4500 3600   5.3
4590 3600   3.6
4680 3600   2.4
4770 3600   1.6
4860 3600   1.0
4950 3600   0.6
5040 3600   0.4
5130 3600   0.2
5220 3600   0.1
5310 3600   0.1
5400 3600   0.0
5490 3600   0.0
5580 3600   0.0
5670 3600   0.0
5760 3600   0.0
5850 3600   0.0
5940 3600   0.0
   0 3690   0.0
  90 3690   0.0
 180 3690   0.0
 270 3690   0.0
 360 3690   0.0
 450 3690   0.0
 540 3690   0.0
 630 3690   0.0
 720 3690   0.1
 810 3690   0.1
 900 3690   0.2
 990 3690   0.4
1080 3690   0.6
1170 3690   1.0
1260 3690   1.5
1350 3690   2.4
1440 3690   3.5
1530 3690   5.1
1620 3690   7.3
1710 3690  10.2
1800 3690  14.0
1890 3690  18.6
1980 3690  24.3
2070 3690  31.1
2160 3690  38.7
2250 3690  47.3
2340 3690  56.4
2430 3690  65.7
2520 3690  75.0
2610 3690  83.6
2700 3690  91.1
2790 3690  97.1
2880 3690 101.2
2970 3690 103.1
3060 3690 102.7
3150 3690 100.1
3240 3690  95.3
3330 3690  88.7
3420 3690  80.8
3510 3690  71.9
3600 3690  62.6
3690 3690  53.3
3780 3690  44.3
3870 3690  36.1
3960 3690  28.7
4050 3690  22.3
4140 3690  17.0
4230 3690  12.6
4320 3690   9.2
4410 3690   6.5
4500 3690   4.5
4590 3690   3.1
4680 3690   2.0
4770 3690   1.3
4860 3690   0.8
4950 3690   0.5
5040 3690   0.3
5130 3690   0.2
5220 3690   0.1
5310 3690   0.1
5400 3690   0.0
5490 3690   0.0
5580 3690   0.0
5670 3690   0.0
5760 3690   0.0
5850 3690   0.0
5940 3690   0.0
   0 3780   0.0
  90 3780   0.0
 180 3780   0.0
 270 3780   0.0
 360 3780   0.0
 450 3780   0.0
 540 3780   0.0
 630 3780   0.0
 720 3780   0.1
 810 3780   0.1
 900 3780   0.2
 990 3780   0.3
1080 3780   0.5
1170 3780   0.8
1260 3780   1.3
1350 3780   2.0
1440 3780   2.9
1530 3780   4.3
1620 3780   6.1
1710 3780   8.5
1800 3780  11.6
1890 3780  15.5
1980 3780  20.3
2070 3780  25.8
2160 3780  32.2
2250 3780  39.3
2340 3780  46.9
2430 3780  54.7
2520 3780  62.4
2610 3780  69.6
2700 3780  75.8
2790 3780  80.8
2880 3780  84.2
2970 3780  85.8
3060 3780  85.5
3150 3780  83.3
3240 3780  79.3
3330 3780  73.9
3420 3780  67.2
3510 3780  59.9
3600 3780  52.1
3690 3780  44.3
3780 3780  36.9
3870 3780  30.0
3960 3780  23.9
4050 3780  18.6
4140 3780  14.1
4230 3780  10.5
4320 3780   7.6
4410 3780   5.4
4500 3780   3.8
4590 3780   2.6
4680 3780   1.7
4770 3780   1.1
4860 3780   0.7
4950 3780   0.4
5040 3780   0.3
5130 3780   0.2
5220 3780   0.1
5310 3780   0.1
5400 3780   0.0
5490 3780   0.0
5580 3780   0.0
5670 3780   0.0
5760 3780   0.0
5850 3780   0.0
5940 3780   0.0
   0 3870   0.0
  90 3870   0.0
 180 3870   0.0
 270 3870   0.0
 360 3870   0.0
 450 3870   0.0
 540 3870   0.0
 630 3870   0.0
 720 3870   0.1
 810 3870   0.1
 900 3870   0.2
 990 3870   0.3
1080 3870   0.4
1170 3870   0.7
1260 3870   1.0
1350 3870   1.6
1440 3870   2.4
1530 3870   3.5
1620 3870   5.0
1710 3870   6.9
1800 3870   9.5
1890 3870  12.6
1980 3870  16.5
2070 3870  21.0
2160 3870  26.2
2250 3870  32.0
2340 3870  38.2
2430 3870  44.5
2520 3870  50.8
2610 3870  56.6
2700 3870  61.7
2790 3870  65.7
2880 3870  68.5
2970 3870  69.8
3060 3870  69.6
3150 3870  67.7
3240 3870  64.5
3330 3870  60.1
3420 3870  54.7
3510 3870  48.7
3600 3870  42.4
3690 3870  36.1
3780 3870  30.0
3870 3870  24.4
3960 3870  19.4
4050 3870  15.1
4140 3870  11.5
4230 3870   8.5
4320 3870   6.2
4410 3870   4.4
4500 3870   3.1
4590 3870   2.1
4680 3870   1.4
4770 3870   0.9
4860 3870   0.6
4950 3870   0.4
5040 3870   0.2
5130 3870   0.1
5220 3870   0.1
5310 3870   0.0
5400 3870   0.0
5490 3870   0.0
5580 3870   0.0
5670 3870   0.0
5760 3870   0.0
5850 3870   0.0
5940 3870   0.0
   0 3960   0.0
  90 3960   0.0
 180 3960   0.0
 270 3960   0.0
 360 3960   0.0
 450 3960   0.0
 540 3960   0.0
 630 3960   0.0
 720 3960   0.0
 810 3960   0.1
 900 3960   0.1
 990 3960   0.2
1080 3960   0.3
1170 3960   0.5
1260 3960   0.8
1350 3960   1.3
1440 3960   1.9
1530 3960   2.8
1620 3960   3.9
1710 3960   5.5
1800 3960   7.5
1890 3960  10.0
1980 3960  13.1
2070 3960  16.7
2160 3960  20.9
2250 3960  25.5
2340 3960  30.4
2430 3960  35.4
2520 3960  40.4
2610 3960  45.0
2700 3960  49.1
2790 3960  52.3
2880 3960  54.5
2970 3960  55.5
3060 3960  55.3
3150 3960  53.9
3240 3960  51.3
3330 3960  47.8
3420 3960  43.5
3510 3960  38.7
3600 3960  33.7
3690 3960  28.7
3780 3960  23.9
3870 3960  19.4
3960 3960  15.5
4050 3960  12.0
4140 3960   9.1
4230 3960   6.8
4320 3960   4.9
4410 3960   3.5
4500 3960   2.4
4590 3960   1.7
4680 3960   1.1
4770 3960   0.7
4860 3960   0.5
4950 3960   0.3
5040 3960   0.2
5130 3960   0.1
5220 3960   0.1
5310 3960   0.0
5400 3960   0.0
5490 3960   0.0
5580 3960   0.0
5670 3960   0.0
5760 3960   0.0
5850 3960   0.0
5940 3960   0.0
   0 4050   0.0
  90 4050   0.0
 180 4050   0.0
 270 4050   0.0
 360 4050   0.0
 450 4050   0.0
 540 4050   0.0
 630 4050   0.0
 720 4050   0.0
 810 4050   0.1
 900 4050   0.1
 990 4050   0.2
1080 4050   0.3
1170 4050   0.4
1260 4050   0.6
1350 4050   1.0
1440 4050   1.5
1530 4050   2.2
1620 4050   3.1
1710 4050   4.3
1800 4050   5.9
1890 4050   7.8
1980 4050  10.2
2070 4050  13.0
2160 4050  16.2
2250 4050  19.8
2340 4050  23.6
2430 4050  27.5
2520 4050  31.4
2610 4050  35.0
2700 4050  38.2
2790 4050  40.7
2880 4050  42.4
2970 4050  43.2
3060 4050  43.0
3150 4050  41.9
3240 4050  39.9
3330 4050  37.2
3420 4050  33.9
3510 4050  30.1
3600 4050  26.2
3690 4050  22.3
3780 4050  18.6
3870 4050  15.1
3960 4050  12.0
4050 4050   9.4
4140 4050   7.1
4230 4050   5.3
4320 4050   3.8
4410 4050   2.7
4500 4050   1.9
4590 4050   1.3
4680 4050   0.9
4770 4050   0.6
4860 4050   0.4
4950 4050   0.2
5040 4050   0.1
5130 4050   0.1
5220 4050   0.0
5310 4050   0.0
5400 4050   0.0
5490 4050   0.0
5580 4050   0.0
5670 4050   0.0
5760 4050   0.0
5850 4050   0.0
5940 4050   0.0
   0 4140   0.0
  90 4140   0.0
 180 4140   0.0
 270 4140   0.0
 360 4140   0.0
 450 4140   0.0
 540 4140   0.0
 630 4140   0.0
 720 4140   0.0
 810 4140   0.0
 900 4140   0.1
 990 4140   0.1
1080 4140   0.2
1170 4140   0.3
1260 4140   0.5
1350 4140   0.7
1440 4140   1.1
1530 4140   1.6
1620 4140   2.3
1710 4140   3.3
1800 4140   4.5
1890 4140   5.9
1980 4140   7.8
2070 4140   9.9
2160 4140  12.3
2250 4140  15.1
2340 4140  18.0
2430 4140  20.9
2520 4140  23.9
2610 4140  26.6
2700 4140  29.0
2790 4140  30.9
2880 4140  32.2
2970 4140  32.9
3060 4140  32.7
3150 4140  31.9
3240 4140  30.4
3330 4140  28.3
3420 4140  25.7
3510 4140  22.9
3600 4140  20.0
3690 4140  17.0
3780 4140  14.1
3870 4140  11.5
3960 4140   9.1
4050 4140   7.1
4140 4140   5.4
4230 4140   4.0
4320 4140   2.9
4410 4140   2.1
4500 4140   1.4
4590 4140   1.0
4680 4140   0.7
4770 4140   0.4
4860 4140   0.3
4950 4140   0.2
5040 4140   0.1
5130 4140   0.1
5220 4140   0.0
5310 4140   0.0
5400 4140   0.0
5490 4140   0.0
5580 4140   0.0
5670 4140   0.0
5760 4140   0.0
5850 4140   0.0
5940 4140   0.0
   0 4230   0.0
  90 4230   0.0
 180 4230   0.0
 270 4230   0.0
 360 4230   0.0
 450 4230   0.0
 540 4230   0.0
 630 4230   0.0
 720 4230   0.0
 810 4230   0.0
 900 4230   0.1
 990 4230   0.1
1080 4230   0.1
1170 4230   0.2
1260 4230   0.4
1350 4230   0.6
1440 4230   0.8
1530 4230   1.2
1620 4230   1.7
1710 4230   2.4
1800 4230   3.3
1890 4230   4.4
1980 4230   5.8
2070 4230   7.4
2160 4230   9.2
2250 4230  11.2
2340 4230  13.4
2430 4230  15.6
2520 4230  17.8
2610 4230  19.8
2700 4230  21.6
2790 4230  23.0
2880 4230  24.0
2970 4230  24.4
3060 4230  24.3
3150 4230  23.7
3240 4230  22.6
3330 4230  21.0
3420 4230  19.1
3510 4230  17.0
3600 4230  14.8
3690 4230  12.6
3780 4230  10.5
3870 4230   8.5
3960 4230   6.8
4050 4230   5.3
4140 4230   4.0
4230 4230   3.0
4320 4230   2.2
4410 4230   1.5
4500 4230   1.1
4590 4230   0.7
4680 4230   0.5
4770 4230   0.3
4860 4230   0.2
4950 4230   0.1
5040 4230   0.1
5130 4230   0.0
5220 4230   0.0
5310 4230   0.0
5400 4230   0.0
5490 4230   0.0
5580 4230   0.0
5670 4230   0.0
5760 4230   0.0
5850 4230   0.0
5940 4230   0.0
   0 4320   0.0
  90 4320   0.0
 180 4320   0.0
 270 4320   0.0
 360 4320   0.0
 450 4320   0.0
 540 4320   0.0
 630 4320   0.0
 720 4320   0.0
 810 4320   0.0
 900 4320   0.0
 990 4320   0.1
1080 4320   0.1
1170 4320   0.2
1260 4320   0.3
1350 4320   0.4
1440 4320   0.6
1530 4320   0.9
1620 4320   1.3
1710 4320   1.8
1800 4320   2.4
1890 4320   3.2
1980 4320   4.2
2070 4320   5.3
2160 4320   6.7
2250 4320   8.1
2340 4320   9.7
2430 4320  11.3
2520 4320  12.9
2610 4320  14.4
2700 4320  15.7
2790 4320  16.7
2880 4320  17.4
2970 4320  17.8
3060 4320  17.7
3150 4320  17.2
3240 4320  16.4
3330 4320  15.3
3420 4320  13.9
3510 4320  12.4
3600 4320  10.8
3690 4320   9.2
3780 4320   7.6
3870 4320   6.2
3960 4320   4.9
4050 4320   3.8
4140 4320   2.9
4230 4320   2.2
4320 4320   1.6
4410 4320   1.1
4500 4320   0.8
4590 4320   0.5
4680 4320   0.4
4770 4320   0.2
4860 4320   0.1
4950 4320   0.1
5040 4320   0.1
5130 4320   0.0
5220 4320   0.0
5310 4320   0.0
5400 4320   0.0
5490 4320   0.0
5580 4320   0.0
5670 4320   0.0
5760 4320   0.0
5850 4320   0.0
5940 4320   0.0
   0 4410   0.0
  90 4410   0.0
 180 4410   0.0
 270 4410   0.0
 360 4410   0.0
 450 4410   0.0
 540 4410   0.0
 630 4410   0.0
 720 4410   0.0
 810 4410   0.0
 900 4410   0.0
 990 4410   0.0
1080 4410   0.1
1170 4410   0.1
1260 4410   0.2
1350 4410   0.3
1440 4410   0.4
1530 4410   0.6
1620 4410   0.9
1710 4410   1.3
1800 4410   1.7
1890 4410   2.3
1980 4410   3.0
2070 4410   3.8
2160 4410   4.7
2250 4410   5.8
2340 4410   6.9
2430 4410   8.1
2520 4410   9.2
2610 4410  10.2
2700 4410  11.2
2790 4410  11.9
2880 4410  12.4
2970 4410  12.6
3060 4410  12.6
3150 4410  12.3
3240 4410  11.7
3330 4410  10.9
3420 4410   9.9
3510 4410   8.8
3600 4410   7.7
3690 4410   6.5
3780 4410   5.4
3870 4410   4.4
3960 4410   3.5
4050 4410   2.7
4140 4410   2.1
4230 4410   1.5
4320 4410   1.1
4410 4410   0.8
4500 4410   0.6
4590 4410   0.4
4680 4410   0.3
4770 4410   0.2
4860 4410   0.1
4950 4410   0.1
5040 4410   0.0
5130 4410   0.0
5220 4410   0.0
5310 4410   0.0
5400 4410   0.0
5490 4410   0.0
5580 4410   0.0
5670 4410   0.0
5760 4410   0.0
5850 4410   0.0
5940 4410   0.0
   0 4500   0.0
  90 4500   0.0
 180 4500   0.0
 270 4500   0.0
 360 4500   0.0
 450 4500   0.0
 540 4500   0.0
 630 4500   0.0
 720 4500   0.0
 810 4500   0.0
 900 4500   0.0
 990 4500   0.0
1080 4500   0.1
1170 4500   0.1
1260 4500   0.1
1350 4500   0.2
1440 4500   0.3
1530 4500   0.4
1620 4500   0.6
1710 4500   0.9
1800 4500   1.2
1890 4500   1.6
1980 4500   2.1
2070 4500   2.6
2160 4500   3.3
2250 4500   4.0
2340 4500   4.8
2430 4500   5.6
2520 4500   6.4
2610 4500   7.1
2700 4500   7.8
2790 4500   8.3
2880 4500   8.6
2970 4500   8.8
3060 4500   8.7
3150 4500   8.5
3240 4500   8.1
3330 4500   7.6
3420 4500   6.9
3510 4500   6.1
3600 4500   5.3
3690 4500   4.5
3780 4500   3.8
3870 4500   3.1
3960 4500   2.4
4050 4500   1.9
4140 4500   1.4
4230 4500   1.1
4320 4500   0.8
4410 4500   0.6
4500 4500   0.4
4590 4500   0.3
4680 4500   0.2
4770 4500   0.1
4860 4500   0.1
4950 4500   0.0
5040 4500   0.0
5130 4500   0.0
5220 4500   0.0
5310 4500   0.0
5400 4500   0.0
5490 4500   0.0
5580 4500   0.0
5670 4500   0.0
5760 4500   0.0
5850 4500   0.0
5940 4500   0.0
   0 4590   0.0
  90 4590   0.0
 180 4590   0.0
 270 4590   0.0
 360 4590   0.0
 450 4590   0.0
 540 4590   0.0
 630 4590   0.0
 720 4590   0.0
 810 4590   0.0
 900 4590   0.0
 990 4590   0.0
1080 4590   0.0
1170 4590   0.1
1260 4590   0.1
1350 4590   0.1
1440 4590   0.2
1530 4590   0.3
1620 4590   0.4
1710 4590   0.6
1800 4590   0.8
1890 4590   1.1
1980 4590   1.4
2070 4590   1.8
2160 4590   2.2
2250 4590   2.7
2340 4590   3.3
2430 4590   3.8
2520 4590   4.3
2610 4590   4.8
2700 4590   5.3
2790 4590   5.6
2880 4590   5.9
2970 4590   6.0
3060 4590   5.9
3150 4590   5.8
3240 4590   5.5
3330 4590   5.1
3420 4590   4.7
3510 4590   4.2
3600 4590   3.6
3690 4590   3.1
3780 4590   2.6
3870 4590   2.1
3960 4590   1.7
4050 4590   1.3
4140 4590   1.0
4230 4590   0.7
4320 4590   0.5
4410 4590   0.4
4500 4590   0.3
4590 4590   0.2
4680 4590   0.1
4770 4590   0.1
4860 4590   0.0
4950 4590   0.0
5040 4590   0.0
5130 4590   0.0
5220 4590   0.0
5310 4590   0.0
5400 4590   0.0
5490 4590   0.0
5580 4590   0.0
5670 4590   0.0
5760 4590   0.0
5850 4590   0.0
5940 4590   0.0
   0 4680   0.0
  90 4680   0.0
 180 4680   0.0
 270 4680   0.0
 360 4680   0.0
 450 4680   0.0
 540 4680   0.0
 630 4680   0.0
 720 4680   0.0
 810 4680   0.0
 900 4680   0.0
 990 4680   0.0
1080 4680   0.0
1170 4680   0.0
1260 4680   0.1
1350 4680   0.1
1440 4680   0.1
1530 4680   0.2
1620 4680   0.3
1710 4680   0.4
1800 4680   0.5
1890 4680   0.7
1980 4680   0.9
2070 4680   1.2
2160 4680   1.5
2250 4680   1.8
2340 4680   2.2
2430 4680   2.5
2520 4680   2.9
2610 4680   3.2
2700 4680   3.5
2790 4680   3.7
2880 4680   3.9
2970 4680   4.0
3060 4680   3.9
3150 4680   3.8
3240 4680   3.7
3330 4680   3.4
3420 4680   3.1
3510 4680   2.8
3600 4680   2.4
3690 4680   2.0
3780 4680   1.7
3870 4680   1.4
3960 4680   1.1
4050 4680   0.9
4140 4680   0.7
4230 4680   0.5
4320 4680   0.4
4410 4680   0.3
4500 4680   0.2
4590 4680   0.1
4680 4680   0.1
4770 4680   0.1
4860 4680   0.0
4950 4680   0.0
5040 4680   0.0
5130 4680   0.0
5220 4680   0.0
5310 4680   0.0
5400 4680   0.0
5490 4680   0.0
5580 4680   0.0
5670 4680   0.0
5760 4680   0.0
5850 4680   0.0
5940 4680   0.0
   0 4770   0.0
  90 4770   0.0
 180 4770   0.0
 270 4770   0.0
 360 4770   0.0
 450 4770   0.0
 540 4770   0.0
 630 4770   0.0
 720 4770   0.0
 810 4770   0.0
 900 4770   0.0
 990 4770   0.0
1080 4770   0.0
1170 4770   0.0
1260 4770   0.0
1350 4770   0.1
1440 4770   0.1
1530 4770   0.1
1620 4770   0.2
1710 4770   0.3
1800 4770   0.3
1890 4770   0.5
1980 4770   0.6
2070 4770   0.8
2160 4770   1.0
2250 4770   1.2
2340 4770   1.4
2430 4770   1.6
2520 4770   1.9
2610 4770   2.1
2700 4770   2.3
2790 4770   2.4
2880 4770   2.5
2970 4770   2.6
3060 4770   2.6
3150 4770   2.5
3240 4770   2.4
3330 4770   2.2
3420 4770   2.0
3510 4770   1.8
3600 4770   1.6
3690 4770   1.3
3780 4770   1.1
3870 4770   0.9
3960 4770   0.7
4050 4770   0.6
4140 4770   0.4
4230 4770   0.3
4320 4770   0.2
4410 4770   0.2
4500 4770   0.1
4590 4770   0.1
4680 4770   0.1
4770 4770   0.0
4860 4770   0.0
4950 4770   0.0
5040 4770   0.0
5130 4770   0.0
5220 4770   0.0
5310 4770   0.0
5400 4770   0.0
5490 4770   0.0
5580 4770   0.0
5670 4770   0.0
5760 4770   0.0
5850 4770   0.0
5940 4770   0.0
   0 4860   0.0
  90 4860   0.0
 180 4860   0.0
 270 4860   0.0
 360 4860   0.0
 450 4860   0.0
 540 4860   0.0
 630 4860   0.0
 720 4860   0.0
 810 4860   0.0
 900 4860   0.0
 990 4860   0.0
1080 4860   0.0
1170 4860   0.0
1260 4860   0.0
1350 4860   0.0
1440 4860   0.1
1530 4860   0.1
1620 4860   0.1
1710 4860   0.2
1800 4860   0.2
1890 4860   0.3
1980 4860   0.4
2070 4860   0.5
2160 4860   0.6
2250 4860   0.7
2340 4860   0.9
2430 4860   1.0
2520 4860   1.2
2610 4860   1.3
2700 4860   1.4
2790 4860   1.5
2880 4860   1.6
2970 4860   1.6
3060 4860   1.6
3150 4860   1.6
3240 4860   1.5
3330 4860   1.4
3420 4860   1.3
3510 4860   1.1
3600 4860   1.0
3690 4860   0.8
3780 4860   0.7
3870 4860   0.6
3960 4860   0.5
4050 4860   0.4
4140 4860   0.3
4230 4860   0.2
4320 4860   0.1
4410 4860   0.1
4500 4860   0.1
4590 4860   0.0
4680 4860   0.0
4770 4860   0.0
4860 4860   0.0
4950 4860   0.0
5040 4860   0.0
5130 4860   0.0
5220 4860   0.0
5310 4860   0.0
5400 4860   0.0
5490 4860   0.0
5580 4860   0.0
5670 4860   0.0
5760 4860   0.0
5850 4860   0.0
5940 4860   0.0
   0 4950   0.0
  90 4950   0.0
 180 4950   0.0
 270 4950   0.0
 360 4950   0.0
 450 4950   0.0
 540 4950   0.0
 630 4950   0.0
 720 4950   0.0
 810 4950   0.0
 900 4950   0.0
 990 4950   0.0
1080 4950   0.0
1170 4950   0.0
1260 4950   0.0
1350 4950   0.0
1440 4950   0.0
1530 4950   0.1
1620 4950   0.1
1710 4950   0.1
1800 4950   0.1
1890 4950   0.2
1980 4950   0.2
2070 4950   0.3
2160 4950   0.4
2250 4950   0.5
2340 4950   0.6
2430 4950   0.6
2520 4950   0.7
2610 4950   0.8
2700 4950   0.9
2790 4950   1.0
2880 4950   1.0
2970 4950   1.0
3060 4950   1.0
3150 4950   1.0
3240 4950   0.9
3330 4950   0.9
3420 4950   0.8
3510 4950   0.7
3600 4950   0.6
3690 4950   0.5
3780 4950   0.4
3870 4950   0.4
3960 4950   0.3
4050 4950   0.2
4140 4950   0.2
4230 4950   0.1
4320 4950   0.1
4410 4950   0.1
4500 4950   0.0
4590 4950   0.0
4680 4950   0.0
4770 4950   0.0
4860 4950   0.0
4950 4950   0.0
5040 4950   0.0
5130 4950   0.0
5220 4950   0.0
5310 4950   0.0
5400 4950   0.0
5490 4950   0.0
5580 4950   0.0
5670 4950   0.0
5760 4950   0.0
5850 4950   0.0
5940 4950   0.0
   0 5040   0.0
  90 5040   0.0
 180 5040   0.0
 270 5040   0.0
 360 5040   0.0
 450 5040   0.0
 540 5040   0.0
 630 5040   0.0
 720 5040   0.0
 810 5040   0.0
 900 5040   0.0
 990 5040   0.0
1080 5040   0.0
1170 5040   0.0
1260 5040   0.0
1350 5040   0.0
1440 5040   0.0
1530 5040   0.0
1620 5040   0.0
1710 5040   0.1
1800 5040   0.1
1890 5040   0.1
1980 5040   0.1
2070 5040   0.2
2160 5040   0.2
2250 5040   0.3
2340 5040   0.3
2430 5040   0.4
2520 5040   0.4
2610 5040   0.5
2700 5040   0.5
2790 5040   0.6
2880 5040   0.6
2970 5040   0.6
3060 5040   0.6
3150 5040   0.6
3240 5040   0.6
3330 5040   0.5
3420 5040   0.5
3510 5040   0.4
3600 5040   0.4
3690 5040   0.3
3780 5040   0.3
3870 5040   0.2
3960 5040   0.2
4050 5040   0.1
4140 5040   0.1
4230 5040   0.1
4320 5040   0.1
4410 5040   0.0
4500 5040   0.0
4590 5040   0.0
4680 5040   0.0
4770 5040   0.0
4860 5040   0.0
4950 5040   0.0
5040 5040   0.0
5130 5040   0.0
5220 5040   0.0
5310 5040   0.0
5400 5040   0.0
5490 5040   0.0
5580 5040   0.0
5670 5040   0.0
5760 5040   0.0
5850 5040   0.0
5940 5040   0.0
   0 5130   0.0
  90 5130   0.0
 180 5130   0.0
 270 5130   0.0
 360 5130   0.0
 450 5130   0.0
 540 5130   0.0
 630 5130   0.0
 720 5130   0.0
 810 5130   0.0
 900 5130   0.0
 990 5130   0.0
1080 5130   0.0
1170 5130   0.0
1260 5130   0.0
1350 5130   0.0
1440 5130   0.0
1530 5130   0.0
1620 5130   0.0
1710 5130   0.0
1800 5130   0.0
1890 5130   0.1
1980 5130   0.1
2070 5130   0.1
2160 5130   0.1
2250 5130   0.2
2340 5130   0.2
2430 5130   0.2
2520 5130   0.3
2610 5130   0.3
2700 5130   0.3
2790 5130   0.3
2880 5130   0.4
2970 5130   0.4
3060 5130   0.4
3150 5130   0.4
3240 5130   0.3
3330 5130   0.3
3420 5130   0.3
3510 5130   0.3
3600 5130   0.2
3690 5130   0.2
3780 5130   0.2
3870 5130   0.1
3960 5130   0.1
4050 5130   0.1
4140 5130   0.1
4230 5130   0.0
4320 5130   0.0
4410 5130   0.0
4500 5130   0.0
4590 5130   0.0
4680 5130   0.0
4770 5130   0.0
4860 5130   0.0
4950 5130   0.0
5040 5130   0.0
5130 5130   0.0
5220 5130   0.0
5310 5130   0.0
5400 5130   0.0
5490 5130   0.0
5580 5130   0.0
5670 5130   0.0
5760 5130   0.0
5850 5130   0.0
5940 5130   0.0
   0 5220   0.0
  90 5220   0.0
 180 5220   0.0
 270 5220   0.0
 360 5220   0.0
 450 5220   0.0
 540 5220   0.0
 630 5220   0.0
 720 5220   0.0
 810 5220   0.0
 900 5220   0.0
 990 5220   0.0
1080 5220   0.0
1170 5220   0.0
1260 5220   0.0
1350 5220   0.0
1440 5220   0.0
1530 5220   0.0
1620 5220   0.0
1710 5220   0.0
1800 5220   0.0
1890 5220   0.0
1980 5220   0.1
2070 5220   0.1
2160 5220   0.1
2250 5220   0.1
2340 5220   0.1
2430 5220   0.1
2520 5220   0.2
2610 5220   0.2
2700 5220   0.2
2790 5220   0.2
2880 5220   0.2
2970 5220   0.2
3060 5220   0.2
3150 5220   0.2
3240 5220   0.2
3330 5220   0.2
3420 5220   0.2
3510 5220   0.1
3600 5220   0.1
3690 5220   0.1
3780 5220   0.1
3870 5220   0.1
3960 5220   0.1
4050 5220   0.0
4140 5220   0.0
4230 5220   0.0
4320 5220   0.0
4410 5220   0.0
4500 5220   0.0
4590 5220   0.0
4680 5220   0.0
4770 5220   0.0
4860 5220   0.0
4950 5220   0.0
5040 5220   0.0
5130 5220   0.0
5220 5220   0.0
5310 5220   0.0
5400 5220   0.0
5490 5220   0.0
5580 5220   0.0
5670 5220   0.0
5760 5220   0.0
5850 5220   0.0
5940 5220   0.0
   0 5310   0.0
  90 5310   0.0
 180 5310   0.0
 270 5310   0.0
 360 5310   0.0
 450 5310   0.0
 540 5310   0.0
 630 5310   0.0
 720 5310   0.0
 810 5310   0.0
 900 5310   0.0
 990 5310   0.0
1080 5310   0.0
1170 5310   0.0
1260 5310   0.0
1350 5310   0.0
1440 5310   0.0
1530 5310   0.0
1620 5310   0.0
1710 5310   0.0
1800 5310   0.0
1890 5310   0.0
1980 5310   0.0
2070 5310   0.0
2160 5310   0.0
2250 5310   0.1
2340 5310   0.1
2430 5310   0.1
2520 5310   0.1
2610 5310   0.1
2700 5310   0.1
2790 5310   0.1
2880 5310   0.1
2970 5310   0.1
3060 5310   0.1
3150 5310   0.1
3240 5310   0.1
3330 5310   0.1
3420 5310   0.1
3510 5310   0.1
3600 5310   0.1
3690 5310   0.1
3780 5310   0.1
3870 5310   0.0
3960 5310   0.0
4050 5310   0.0
4140 5310   0.0
4230 5310   0.0
4320 5310   0.0
4410 5310   0.0
4500 5310   0.0
4590 5310   0.0
4680 5310   0.0
4770 5310   0.0
4860 5310   0.0
4950 5310   0.0
5040 5310   0.0
5130 5310   0.0
5220 5310   0.0
5310 5310   0.0
5400 5310   0.0
5490 5310   0.0
5580 5310   0.0
5670 5310   0.0
5760 5310   0.0
5850 5310   0.0
5940 5310   0.0
   0 5400   0.0
  90 5400   0.0
 180 5400   0.0
 270 5400   0.0
 360 5400   0.0
 450 5400   0.0
 540 5400   0.0
 630 5400   0.0
 720 5400   0.0
 810 5400   0.0
 900 5400   0.0
 990 5400   0.0
1080 5400   0.0
1170 5400   0.0
1260 5400   0.0
1350 5400   0.0
1440 5400   0.0
1530 5400   0.0
1620 5400   0.0
1710 5400   0.0
1800 5400   0.0
1890 5400   0.0
1980 5400   0.0
2070 5400   0.0
2160 5400   0.0
2250 5400   0.0
2340 5400   0.0
2430 5400   0.0
2520 5400   0.0
2610 5400   0.1
2700 5400   0.1
2790 5400   0.1
2880 5400   0.1
2970 5400   0.1
3060 5400   0.1
3150 5400   0.1
3240 5400   0.1
3330 5400   0.1
3420 5400   0.1
3510 5400   0.0
3600 5400   0.0
3690 5400   0.0
3780 5400   0.0
3870 5400   0.0
3960 5400   0.0
4050 5400   0.0
4140 5400   0.0
4230 5400   0.0
4320 5400   0.0
4410 5400   0.0
4500 5400   0.0
4590 5400   0.0
4680 5400   0.0
4770 5400   0.0
4860 5400   0.0
4950 5400   0.0
5040 5400   0.0
5130 5400   0.0
5220 5400   0.0
5310 5400   0.0
5400 5400   0.0
5490 5400   0.0
5580 5400   0.0
5670 5400   0.0
5760 5400   0.0
5850 5400   0.0
5940 5400   0.0
   0 5490   0.0
  90 5490   0.0
 180 5490   0.0
 270 5490   0.0
 360 5490   0.0
 450 5490   0.0
 540 5490   0.0
 630 5490   0.0
 720 5490   0.0
 810 5490   0.0
 900 5490   0.0
 990 5490   0.0
1080 5490   0.0
1170 5490   0.0
1260 5490   0.0
1350 5490   0.0
1440 5490   0.0
1530 5490   0.0
1620 5490   0.0
1710 5490   0.0
1800 5490   0.0
1890 5490   0.0
1980 5490   0.0
2070 5490   0.0
2160 5490   0.0
2250 5490   0.0
2340 5490   0.0
2430 5490   0.0
2520 5490   0.0
2610 5490   0.0
2700 5490   0.0
2790 5490   0.0
2880 5490   0.0
2970 5490   0.0
3060 5490   0.0
3150 5490   0.0
3240 5490   0.0
3330 5490   0.0
3420 5490   0.0
3510 5490   0.0
3600 5490   0.0
3690 5490   0.0
3780 5490   0.0
3870 5490   0.0
3960 5490   0.0
4050 5490   0.0
4140 5490   0.0
4230 5490   0.0
4320 5490   0.0
4410 5490   0.0
4500 5490   0.0
4590 5490   0.0
4680 5490   0.0
4770 5490   0.0
4860 5490   0.0
4950 5490   0.0
5040 5490   0.0
5130 5490   0.0
5220 5490   0.0
5310 5490   0.0
5400 5490   0.0
5490 5490   0.0
5580 5490   0.0
5670 5490   0.0
5760 5490   0.0
5850 5490   0.0
5940 5490   0.0
   0 5580   0.0
  90 5580   0.0
 180 5580   0.0
 270 5580   0.0
 360 5580   0.0
 450 5580   0.0
 540 5580   0.0
 630 5580   0.0
 720 5580   0.0
 810 5580   0.0
 900 5580   0.0
 990 5580   0.0
1080 5580   0.0
1170 5580   0.0
1260 5580   0.0
1350 5580   0.0
1440 5580   0.0
1530 5580   0.0
1620 5580   0.0
1710 5580   0.0
1800 5580   0.0
1890 5580   0.0
1980 5580   0.0
2070 5580   0.0
2160 5580   0.0
2250 5580   0.0
2340 5580   0.0
2430 5580   0.0
2520 5580   0.0
2610 5580   0.0
2700 5580   0.0
2790 5580   0.0
2880 5580   0.0
2970 5580   0.0
3060 5580   0.0
3150 5580   0.0
3240 5580   0.0
3330 5580   0.0
3420 5580   0.0
3510 5580   0.0
3600 5580   0.0
3690 5580   0.0
3780 5580   0.0
3870 5580   0.0
3960 5580   0.0
4050 5580   0.0
4140 5580   0.0
4230 5580   0.0
4320 5580   0.0
4410 5580   0.0
4500 5580   0.0
4590 5580   0.0
4680 5580   0.0
4770 5580   0.0
4860 5580   0.0
4950 5580   0.0
5040 5580   0.0
5130 5580   0.0
5220 5580   0.0
5310 5580   0.0
5400 5580   0.0
5490 5580   0.0
5580 5580   0.0
5670 5580   0.0
5760 5580   0.0
5850 5580   0.0
5940 5580   0.0
   0 5670   0.0
  90 5670   0.0
 180 5670   0.0
 270 5670   0.0
 360 5670   0.0
 450 5670   0.0
 540 5670   0.0
 630 5670   0.0
 720 5670   0.0
 810 5670   0.0
 900 5670   0.0
 990 5670   0.0
1080 5670   0.0
1170 5670   0.0
1260 5670   0.0
1350 5670   0.0
1440 5670   0.0
1530 5670   0.0
1620 5670   0.0
1710 5670   0.0
1800 5670   0.0
1890 5670   0.0
1980 5670   0.0
2070 5670   0.0
2160 5670   0.0
2250 5670   0.0
2340 5670   0.0
2430 5670   0.0
2520 5670   0.0
2610 5670   0.0
2700 5670   0.0
2790 5670   0.0
2880 5670   0.0
2970 5670   0.0
3060 5670   0.0
3150 5670   0.0
3240 5670   0.0
3330 5670   0.0
3420 5670   0.0
3510 5670   0.0
3600 5670   0.0
3690 5670   0.0
3780 5670   0.0
3870 5670   0.0
3960 5670   0.0
4050 5670   0.0
4140 5670   0.0
4230 5670   0.0
4320 5670   0.0
4410 5670   0.0
4500 5670   0.0
4590 5670   0.0
4680 5670   0.0
4770 5670   0.0
4860 5670   0.0
4950 5670   0.0
5040 5670   0.0
5130 5670   0.0
5220 5670   0.0
5310 5670   0.0
5400 5670   0.0
5490 5670   0.0
5580 5670   0.0
5670 5670   0.0
5760 5670   0.0
5850 5670   0.0
5940 5670   0.0
   0 5760   0.0
  90 5760   0.0
 180 5760   0.0
 270 5760   0.0
 360 5760   0.0
 450 5760   0.0
 540 5760   0.0
 630 5760   0.0
 720 5760   0.0
 810 5760   0.0
 900 5760   0.0
 990 5760   0.0
1080 5760   0.0
1170 5760   0.0
1260 5760   0.0
1350 5760   0.0
1440 5760   0.0
1530 5760   0.0
1620 5760   0.0
1710 5760   0.0
1800 5760   0.0
1890 5760   0.0
1980 5760   0.0
2070 5760   0.0
2160 5760   0.0
2250 5760   0.0
2340 5760   0.0
2430 5760   0.0
2520 5760   0.0
2610 5760   0.0
2700 5760   0.0
2790 5760   0.0
2880 5760   0.0
2970 5760   0.0
3060 5760   0.0
3150 5760   0.0
3240 5760   0.0
3330 5760   0.0
3420 5760   0.0
3510 5760   0.0
3600 5760   0.0
3690 5760   0.0
3780 5760   0.0
3870 5760   0.0
3960 5760   0.0
4050 5760   0.0
4140 5760   0.0
4230 5760   0.0
4320 5760   0.0
4410 5760   0.0
4500 5760   0.0
4590 5760   0.0
4680 5760   0.0
4770 5760   0.0
4860 5760   0.0
4950 5760   0.0
5040 5760   0.0
5130 5760   0.0
5220 5760   0.0
5310 5760   0.0
5400 5760   0.0
5490 5760   0.0
5580 5760   0.0
5670 5760   0.0
5760 5760   0.0
5850 5760   0.0
5940 5760   0.0
   0 5850   0.0
  90 5850   0.0
 180 5850   0.0
 270 5850   0.0
 360 5850   0.0
 450 5850   0.0
 540 5850   0.0
 630 5850   0.0
 720 5850   0.0
 810 5850   0.0
 900 5850   0.0
 990 5850   0.0
1080 5850   0.0
1170 5850   0.0
1260 5850   0.0
1350 5850   0.0
1440 5850   0.0
1530 5850   0.0
1620 5850   0.0
1710 5850   0.0
1800 5850   0.0
1890 5850   0.0
1980 5850   0.0
2070 5850   0.0
2160 5850   0.0
2250 5850   0.0
2340 5850   0.0
2430 5850   0.0
2520 5850   0.0
2610 5850   0.0
2700 5850   0.0
2790 5850   0.0
2880 5850   0.0
2970 5850   0.0
3060 5850   0.0
3150 5850   0.0
3240 5850   0.0
3330 5850   0.0
3420 5850   0.0
3510 5850   0.0
3600 5850   0.0
3690 5850   0.0
3780 5850   0.0
3870 5850   0.0
3960 5850   0.0
4050 5850   0.0
4140 5850   0.0
4230 5850   0.0
4320 5850   0.0
4410 5850   0.0
4500 5850   0.0
4590 5850   0.0
4680 5850   0.0
4770 5850   0.0
4860 5850   0.0
4950 5850   0.0
5040 5850   0.0
5130 5850   0.0
5220 5850   0.0
5310 5850   0.0
5400 5850   0.0
5490 5850   0.0
5580 5850   0.0
5670 5850   0.0
5760 5850   0.0
5850 5850   0.0
5940 5850   0.0
   0 5940   0.0
  90 5940   0.0
 180 5940   0.0
 270 5940   0.0
 360 5940   0.0
 450 5940   0.0
 540 5940   0.0
 630 5940   0.0
 720 5940   0.0
 810 5940   0.0
 900 5940   0.0
 990 5940   0.0
1080 5940   0.0
1170 5940   0.0
1260 5940   0.0
1350 5940   0.0
1440 5940   0.0
1530 5940   0.0
1620 5940   0.0
1710 5940   0.0
1800 5940   0.0
1890 5940   0.0
1980 5940   0.0
2070 5940   0.0
2160 5940   0.0
2250 5940   0.0
2340 5940   0.0
2430 5940   0.0
2520 5940   0.0
2610 5940   0.0
2700 5940   0.0
2790 5940   0.0
2880 5940   0.0
2970 5940   0.0
3060 5940   0.0
3150 5940   0.0
3240 5940   0.0
3330 5940   0.0
3420 5940   0.0
3510 5940   0.0
3600 5940   0.0
3690 5940   0.0
3780 5940   0.0
3870 5940   0.0
3960 5940   0.0
4050 5940   0.0
4140 5940   0.0
4230 5940   0.0
4320 5940   0.0
4410 5940   0.0
4500 5940   0.0
4590 5940   0.0
4680 5940   0.0
4770 5940   0.0
4860 5940   0.0
4950 5940   0.0
5040 5940   0.0
5130 5940   0.0
5220 5940   0.0
5310 5940   0.0
5400 5940   0.0
5490 5940   0.0
5580 5940   0.0
5670 5940   0.0
5760 5940   0.0
5850 5940   0.0
5940 5940   0.0
