   0    0   0.0
  90    0   0.0
 180    0   0.0
 270    0   0.0
 360    0   0.0
 450    0   0.0
 540    0   0.0
 630    0   0.0
 720    0   0.0
 810    0   0.0
 900    0   0.0
 990    0   0.0
1080    0   0.0
1170    0   0.0
1260    0   0.0
1350    0   0.0
1440    0   0.0
1530    0   0.0
1620    0   0.0
1710    0   0.0
1800    0   0.0
1890    0   0.0
1980    0   0.0
2070    0   0.0
2160    0   0.0
2250    0   0.0
2340    0   0.0
2430    0   0.0
2520    0   0.0
2610    0   0.0
2700    0   0.0
2790    0   0.0
2880    0   0.0
2970    0   0.0
3060    0   0.0
3150    0   0.0
3240    0   0.0
3330    0   0.0
3420    0   0.0
3510    0   0.0
3600    0   0.0
3690    0   0.0
3780    0   0.0
3870    0   0.0
3960    0   0.0
4050    0   0.0
4140    0   0.0
4230    0   0.0
4320    0   0.0
4410    0   0.0
4500    0   0.0
4590    0   0.0
4680    0   0.0
4770    0   0.0
4860    0   0.0
4950    0   0.0
   0   90   0.0
  90   90   0.0
 180   90   0.0
 270   90   0.0
 360   90   0.0
 450   90   0.0
 540   90   0.0
 630   90   0.0
 720   90   0.0
 810   90   0.0
 900   90   0.0
 990   90   0.0
1080   90   0.0
1170   90   0.0
1260   90   0.0
1350   90   0.0
1440   90   0.0
1530   90   0.0
1620   90   0.0
1710   90   0.0
1800   90   0.0
1890   90   0.0
1980   90   0.0
2070   90   0.0
2160   90   0.1
2250   90   0.1
2340   90   0.1
2430   90   0.1
2520   90   0.1
2610   90   0.1
2700   90   0.1
2790   90   0.1
2880   90   0.1
2970   90   0.0
3060   90   0.0
3150   90   0.0
3240   90   0.0
3330   90   0.0
3420   90   0.0
3510   90   0.0
3600   90   0.0
3690   90   0.0
3780   90   0.0
3870   90   0.0
3960   90   0.0
4050   90   0.0
4140   90   0.0
4230   90   0.0
4320   90   0.0
4410   90   0.0
4500   90   0.0
4590   90   0.0
4680   90   0.0
4770   90   0.0
4860   90   0.0
4950   90   0.0
   0  180   0.0
  90  180   0.0
 180  180   0.0
 270  180   0.0
 360  180   0.0
 450  180   0.0
 540  180   0.0
 630  180   0.0
 720  180   0.0
 810  180   0.0
 900  180   0.0
 990  180   0.0
1080  180   0.0
1170  180   0.0
1260  180   0.0
1350  180   0.0
1440  180   0.0
1530  180   0.0
1620  180   0.0
1710  180   0.0
1800  180   0.1
1890  180   0.1
1980  180   0.1
2070  180   0.1
2160  180   0.1
2250  180   0.1
2340  180   0.1
2430  180   0.1
2520  180   0.1
2610  180   0.1
2700  180   0.1
2790  180   0.1
2880  180   0.1
2970  180   0.1
3060  180   0.1
3150  180   0.1
3240  180   0.1
3330  180   0.0
3420  180   0.0
3510  180   0.0
3600  180   0.0
3690  180   0.0
3780  180   0.0
3870  180   0.0
3960  180   0.0
4050  180   0.0
4140  180   0.0
4230  180   0.0
4320  180   0.0
4410  180   0.0
4500  180   0.0
4590  180   0.0
4680  180   0.0
4770  180   0.0
4860  180   0.0
4950  180   0.0
   0  270   0.0
  90  270   0.0
 180  270   0.0
 270  270   0.0
 360  270   0.0
 450  270   0.0
 540  270   0.0
 630  270   0.0
 720  270   0.0
 810  270   0.0
 900  270   0.0
 990  270   0.0
1080  270   0.0
1170  270   0.0
1260  270   0.0
1350  270   0.0
1440  270   0.0
1530  270   0.1
1620  270   0.1
1710  270   0.1
1800  270   0.1
1890  270   0.1
1980  270   0.1
2070  270   0.2
2160  270   0.2
2250  270   0.2
2340  270   0.2
2430  270   0.2
2520  270   0.2
2610  270   0.2
2700  270   0.2
2790  270   0.2
2880  270   0.2
2970  270   0.1
3060  270   0.1
3150  270   0.1
3240  270   0.1
3330  270   0.1
3420  270   0.1
3510  270   0.0
3600  270   0.0
3690  270   0.0
3780  270   0.0
3870  270   0.0
3960  270   0.0
4050  270   0.0
4140  270   0.0
4230  270   0.0
4320  270   0.0
4410  270   0.0
4500  270   0.0
4590  270   0.0
4680  270   0.0
4770  270   0.0
4860  270   0.0
4950  270   0.0
   0  360   0.0
  90  360   0.0
 180  360   0.0
 270  360   0.0
 360  360   0.0
 450  360   0.0
 540  360   0.0
 630  360   0.0
 720  360   0.0
 810  360   0.0
 900  360   0.0
 990  360   0.0
1080  360   0.0
1170  360   0.0
1260  360   0.0
1350  360   0.1
1440  360   0.1
1530  360   0.1
1620  360   0.1
1710  360   0.1
1800  360   0.2
1890  360   0.2
1980  360   0.2
2070  360   0.3
2160  360   0.3
2250  360   0.3
2340  360   0.3
2430  360   0.3
2520  360   0.3
2610  360   0.3
2700  360   0.3
2790  360   0.3
2880  360   0.3
2970  360   0.3
3060  360   0.2
3150  360   0.2
3240  360   0.2
3330  360   0.1
3420  360   0.1
3510  360   0.1
3600  360   0.1
3690  360   0.0
3780  360   0.0
3870  360   0.0
3960  360   0.0
4050  360   0.0
4140  360   0.0
4230  360   0.0
4320  360   0.0
4410  360   0.0
4500  360   0.0
4590  360   0.0
4680  360   0.0
4770  360   0.0
4860  360   0.0
4950  360   0.0
   0  450   0.0
  90  450   0.0
 180  450   0.0
 270  450   0.0
 360  450   0.0
 450  450   0.0
 540  450   0.0
 630  450   0.0
 720  450   0.0
 810  450   0.0
 900  450   0.0
 990  450   0.0
1080  450   0.0
1170  450   0.1
1260  450   0.1
1350  450   0.1
1440  450   0.1
1530  450   0.2
1620  450   0.2
1710  450   0.2
1800  450   0.3
1890  450   0.3
1980  450   0.4
2070  450   0.5
2160  450   0.5
2250  450   0.5
2340  450   0.6
2430  450   0.6
2520  450   0.6
2610  450   0.6
2700  450   0.6
2790  450   0.5
2880  450   0.5
2970  450   0.4
3060  450   0.4
3150  450   0.3
3240  450   0.3
3330  450   0.2
3420  450   0.2
3510  450   0.1
3600  450   0.1
3690  450   0.1
3780  450   0.1
3870  450   0.0
3960  450   0.0
4050  450   0.0
4140  450   0.0
4230  450   0.0
4320  450   0.0
4410  450   0.0
4500  450   0.0
4590  450   0.0
4680  450   0.0
4770  450   0.0
4860  450   0.0
4950  450   0.0
   0  540   0.0
  90  540   0.0
 180  540   0.0
 270  540   0.0
 360  540   0.0
 450  540   0.0
 540  540   0.0
 630  540   0.0
 720  540   0.0
 810  540   0.0
 900  540   0.0
 990  540   0.0
1080  540   0.1
1170  540   0.1
1260  540   0.1
1350  540   0.2
1440  540   0.2
1530  540   0.3
1620  540   0.3
1710  540   0.4
1800  540   0.5
1890  540   0.6
1980  540   0.7
2070  540   0.7
2160  540   0.8
2250  540   0.9
2340  540   0.9
2430  540   1.0
2520  540   1.0
2610  540   0.9
2700  540   0.9
2790  540   0.9
2880  540   0.8
2970  540   0.7
3060  540   0.6
3150  540   0.5
3240  540   0.5
3330  540   0.4
3420  540   0.3
3510  540   0.2
3600  540   0.2
3690  540   0.1
3780  540   0.1
3870  540   0.1
3960  540   0.0
4050  540   0.0
4140  540   0.0
4230  540   0.0
4320  540   0.0
4410  540   0.0
4500  540   0.0
4590  540   0.0
4680  540   0.0
4770  540   0.0
4860  540   0.0
4950  540   0.0
   0  630   0.0
  90  630   0.0
 180  630   0.0
 270  630   0.0
 360  630   0.0
 450  630   0.0
 540  630   0.0
 630  630   0.0
 720  630   0.0
 810  630   0.0
 900  630   0.0
 990  630   0.1
1080  630   0.1
1170  630   0.1
1260  630   0.2
1350  630   0.2
1440  630   0.3
1530  630   0.4
1620  630   0.5
1710  630   0.7
1800  630   0.8
1890  630   0.9
1980  630   1.1
2070  630   1.2
2160  630   1.3
2250  630   1.4
2340  630   1.5
2430  630   1.5
2520  630   1.6
2610  630   1.5
2700  630   1.5
2790  630   1.4
2880  630   1.3
2970  630   1.1
3060  630   1.0
3150  630   0.9
3240  630   0.7
3330  630   0.6
3420  630   0.5
3510  630   0.4
3600  630   0.3
3690  630   0.2
3780  630   0.2
3870  630   0.1
3960  630   0.1
4050  630   0.1
4140  630   0.0
4230  630   0.0
4320  630   0.0
4410  630   0.0
4500  630   0.0
4590  630   0.0
4680  630   0.0
4770  630   0.0
4860  630   0.0
4950  630   0.0
   0  720   0.0
  90  720   0.0
 180  720   0.0
 270  720   0.0
 360  720   0.0
 450  720   0.0
 540  720   0.0
 630  720   0.0
 720  720   0.0
 810  720   0.0
 900  720   0.1
 990  720   0.1
1080  720   0.1
1170  720   0.2
1260  720   0.3
1350  720   0.4
1440  720   0.5
1530  720   0.7
1620  720   0.8
1710  720   1.0
1800  720   1.2
1890  720   1.5
1980  720   1.7
2070  720   1.9
2160  720   2.1
2250  720   2.3
2340  720   2.4
2430  720   2.4
2520  720   2.5
2610  720   2.4
2700  720   2.3
2790  720   2.2
2880  720   2.0
2970  720   1.8
3060  720   1.6
3150  720   1.4
3240  720   1.1
3330  720   0.9
3420  720   0.8
3510  720   0.6
3600  720   0.5
3690  720   0.3
3780  720   0.3
3870  720   0.2
3960  720   0.1
4050  720   0.1
4140  720   0.1
4230  720   0.0
4320  720   0.0
4410  720   0.0
4500  720   0.0
4590  720   0.0
4680  720   0.0
4770  720   0.0
4860  720   0.0
4950  720   0.0
   0  810   0.0
  90  810   0.0
 180  810   0.0
 270  810   0.0
 360  810   0.0
 450  810   0.0
 540  810   0.0
 630  810   0.0
 720  810   0.0
 810  810   0.1
 900  810   0.1
 990  810   0.2
1080  810   0.2
1170  810   0.3
1260  810   0.4
1350  810   0.6
1440  810   0.8
1530  810   1.0
1620  810   1.3
1710  810   1.6
1800  810   1.9
1890  810   2.3
1980  810   2.6
2070  810   2.9
2160  810   3.2
2250  810   3.5
2340  810   3.7
2430  810   3.8
2520  810   3.8
2610  810   3.7
2700  810   3.6
2790  810   3.4
2880  810   3.1
2970  810   2.8
3060  810   2.4
3150  810   2.1
3240  810   1.8
3330  810   1.5
3420  810   1.2
3510  810   0.9
3600  810   0.7
3690  810   0.5
3780  810   0.4
3870  810   0.3
3960  810   0.2
4050  810   0.1
4140  810   0.1
4230  810   0.1
4320  810   0.0
4410  810   0.0
4500  810   0.0
4590  810   0.0
4680  810   0.0
4770  810   0.0
4860  810   0.0
4950  810   0.0
   0  900   0.0
  90  900   0.0
 180  900   0.0
 270  900   0.0
 360  900   0.0
 450  900   0.0
 540  900   0.0
 630  900   0.0
 720  900   0.1
 810  900   0.1
 900  900   0.2
 990  900   0.2
1080  900   0.3
1170  900   0.5
1260  900   0.7
1350  900   0.9
1440  900   1.2
1530  900   1.5
1620  900   1.9
1710  900   2.4
1800  900   2.9
1890  900   3.4
1980  900   3.9
2070  900   4.4
2160  900   4.9
2250  900   5.2
2340  900   5.5
2430  900   5.7
2520  900   5.7
2610  900   5.6
2700  900   5.4
2790  900   5.1
2880  900   4.7
2970  900   4.2
3060  900   3.7
3150  900   3.2
3240  900   2.7
3330  900   2.2
3420  900   1.8
3510  900   1.4
3600  900   1.1
3690  900   0.8
3780  900   0.6
3870  900   0.4
3960  900   0.3
4050  900   0.2
4140  900   0.1
4230  900   0.1
4320  900   0.1
4410  900   0.0
4500  900   0.0
4590  900   0.0
4680  900   0.0
4770  900   0.0
4860  900   0.0
4950  900   0.0
   0  990   0.0
  90  990   0.0
 180  990   0.0
 270  990   0.0
 360  990   0.0
 450  990   0.0
 540  990   0.0
 630  990   0.1
 720  990   0.1
 810  990   0.2
 900  990   0.2
 990  990   0.4
1080  990   0.5
1170  990   0.7
1260  990   1.0
1350  990   1.3
1440  990   1.8
1530  990   2.3
1620  990   2.9
1710  990   3.5
1800  990   4.3
1890  990   5.0
1980  990   5.8
2070  990   6.5
2160  990   7.2
2250  990   7.7
2340  990   8.1
2430  990   8.4
2520  990   8.4
2610  990   8.3
2700  990   8.0
2790  990   7.5
2880  990   6.9
2970  990   6.2
3060  990   5.5
3150  990   4.7
3240  990   3.9
3330  990   3.2
3420  990   2.6
3510  990   2.0
3600  990   1.6
3690  990   1.2
3780  990   0.9
3870  990   0.6
3960  990   0.4
4050  990   0.3
4140  990   0.2
4230  990   0.1
4320  990   0.1
4410  990   0.1
4500  990   0.0
4590  990   0.0
4680  990   0.0
4770  990   0.0
4860  990   0.0
4950  990   0.0
   0 1080   0.0
  90 1080   0.0
 180 1080   0.0
 270 1080   0.0
 360 1080   0.0
 450 1080   0.0
 540 1080   0.1
 630 1080   0.1
 720 1080   0.1
 810 1080   0.2
 900 1080   0.3
 990 1080   0.5
1080 1080   0.7
1170 1080   1.0
1260 1080   1.4
1350 1080   1.9
1440 1080   2.6
1530 1080   3.3
1620 1080   4.1
1710 1080   5.1
1800 1080   6.2
1890 1080   7.2
1980 1080   8.3
2070 1080   9.4
2160 1080  10.4
2250 1080  11.1
2340 1080  11.7
2430 1080  12.1
2520 1080  12.1
2610 1080  12.0
2700 1080  11.5
2790 1080  10.8
2880 1080   9.9
2970 1080   8.9
3060 1080   7.9
3150 1080   6.8
3240 1080   5.7
3330 1080   4.7
3420 1080   3.8
3510 1080   2.9
3600 1080   2.3
3690 1080   1.7
3780 1080   1.2
3870 1080   0.9
3960 1080   0.6
4050 1080   0.4
4140 1080   0.3
4230 1080   0.2
4320 1080   0.1
4410 1080   0.1
4500 1080   0.0
4590 1080   0.0
4680 1080   0.0
4770 1080   0.0
4860 1080   0.0
4950 1080   0.0
   0 1170   0.0
  90 1170   0.0
 180 1170   0.0
 270 1170   0.0
 360 1170   0.0
 450 1170   0.1
 540 1170   0.1
 630 1170   0.1
 720 1170   0.2
 810 1170   0.3
 900 1170   0.5
 990 1170   0.7
1080 1170   1.0
1170 1170   1.5
1260 1170   2.0
1350 1170   2.7
1440 1170   3.6
1530 1170   4.6
1620 1170   5.8
1710 1170   7.2
1800 1170   8.7
1890 1170  10.2
1980 1170  11.8
2070 1170  13.3
2160 1170  14.6
2250 1170  15.7
2340 1170  16.5
2430 1170  17.0
2520 1170  17.1
2610 1170  16.9
2700 1170  16.2
2790 1170  15.3
2880 1170  14.0
2970 1170  12.6
3060 1170  11.1
3150 1170   9.5
3240 1170   8.0
3330 1170   6.6
3420 1170   5.3
3510 1170   4.2
3600 1170   3.2
3690 1170   2.4
3780 1170   1.8
3870 1170   1.3
3960 1170   0.9
4050 1170   0.6
4140 1170   0.4
4230 1170   0.3
4320 1170   0.2
4410 1170   0.1
4500 1170   0.1
4590 1170   0.0
4680 1170   0.0
4770 1170   0.0
4860 1170   0.0
4950 1170   0.0
   0 1260   0.0
  90 1260   0.0
 180 1260   0.0
 270 1260   0.0
 360 1260   0.0
 450 1260   0.1
 540 1260   0.1
 630 1260   0.2
 720 1260   0.3
 810 1260   0.4
 900 1260   0.7
 990 1260   1.0
1080 1260   1.4
1170 1260   2.0
1260 1260   2.8
1350 1260   3.8
1440 1260   5.0
1530 1260   6.4
1620 1260   8.1
1710 1260   9.9
1800 1260  12.0
1890 1260  14.1
1980 1260  16.2
2070 1260  18.3
2160 1260  20.1
2250 1260  21.7
2340 1260  22.8
2430 1260  23.5
2520 1260  23.6
2610 1260  23.2
2700 1260  22.4
2790 1260  21.0
2880 1260  19.3
2970 1260  17.4
3060 1260  15.3
3150 1260  13.1
3240 1260  11.0
3330 1260   9.1
3420 1260   7.3
3510 1260   5.7
3600 1260   4.4
3690 1260   3.3
3780 1260   2.4
3870 1260   1.7
3960 1260   1.2
4050 1260   0.8
4140 1260   0.6
4230 1260   0.4
4320 1260   0.2
4410 1260   0.1
4500 1260   0.1
4590 1260   0.1
4680 1260   0.0
4770 1260   0.0
4860 1260   0.0
4950 1260   0.0
   0 1350   0.0
  90 1350   0.0
 180 1350   0.0
 270 1350   0.0
 360 1350   0.1
 450 1350   0.1
 540 1350   0.2
 630 1350   0.2
 720 1350   0.4
 810 1350   0.6
 900 1350   0.9
 990 1350   1.3
1080 1350   1.9
1170 1350   2.7
1260 1350   3.8
1350 1350   5.1
1440 1350   6.7
1530 1350   8.6
1620 1350  10.9
1710 1350  13.4
1800 1350  16.1
1890 1350  19.0
1980 1350  21.9
2070 1350  24.6
2160 1350  27.1
2250 1350  29.2
2340 1350  30.8
2430 1350  31.6
2520 1350  31.8
2610 1350  31.3
2700 1350  30.1
2790 1350  28.4
2880 1350  26.1
2970 1350  23.4
3060 1350  20.6
3150 1350  17.7
3240 1350  14.9
3330 1350  12.2
3420 1350   9.8
3510 1350   7.7
3600 1350   5.9
3690 1350   4.5
3780 1350   3.3
3870 1350   2.4
3960 1350   1.7
4050 1350   1.1
4140 1350   0.8
4230 1350   0.5
4320 1350   0.3
4410 1350   0.2
4500 1350   0.1
4590 1350   0.1
4680 1350   0.0
4770 1350   0.0
4860 1350   0.0
4950 1350   0.0
   0 1440   0.0
  90 1440   0.0
 180 1440   0.0
 270 1440   0.0
 360 1440   0.1
 450 1440   0.1
 540 1440   0.2
 630 1440   0.3
 720 1440   0.5
 810 1440   0.8
 900 1440   1.2
 990 1440   1.8
1080 1440   2.6
1170 1440   3.6
1260 1440   5.0
1350 1440   6.7
1440 1440   8.8
1530 1440  11.4
1620 1440  14.3
1710 1440  17.7
1800 1440  21.3
1890 1440  25.1
1980 1440  28.9
2070 1440  32.5
2160 1440  35.8
2250 1440  38.5
2340 1440  40.5
2430 1440  41.7
2520 1440  42.0
2610 1440  41.3
2700 1440  39.7
2790 1440  37.4
2880 1440  34.4
2970 1440  30.9
3060 1440  27.2
3150 1440  23.4
3240 1440  19.6
3330 1440  16.1
3420 1440  13.0
3510 1440  10.2
3600 1440   7.8
3690 1440   5.9
3780 1440   4.3
3870 1440   3.1
3960 1440   2.2
4050 1440   1.5
4140 1440   1.0
4230 1440   0.7
4320 1440   0.4
4410 1440   0.3
4500 1440   0.2
4590 1440   0.1
4680 1440   0.1
4770 1440   0.0
4860 1440   0.0
4950 1440   0.0
   0 1530   0.0
  90 1530   0.0
 180 1530   0.0
 270 1530   0.1
 360 1530   0.1
 450 1530   0.2
 540 1530   0.3
 630 1530   0.4
 720 1530   0.7
 810 1530   1.0
 900 1530   1.5
 990 1530   2.3
1080 1530   3.3
1170 1530   4.6
1260 1530   6.4
1350 1530   8.6
1440 1530  11.4
1530 1530  14.7
1620 1530  18.5
1710 1530  22.8
1800 1530  27.4
1890 1530  32.3
1980 1530  37.2
2070 1530  41.9
2160 1530  46.1
2250 1530  49.6
2340 1530  52.2
2430 1530  53.8
2520 1530  54.1
2610 1530  53.2
2700 1530  51.2
2790 1530  48.2
2880 1530  44.3
2970 1530  39.8
3060 1530  35.0
3150 1530  30.1
3240 1530  25.3
3330 1530  20.8
3420 1530  16.7
3510 1530  13.1
3600 1530  10.1
3690 1530   7.6
3780 1530   5.6
3870 1530   4.0
3960 1530   2.8
4050 1530   1.9
4140 1530   1.3
4230 1530   0.8
4320 1530   0.5
4410 1530   0.3
4500 1530   0.2
4590 1530   0.1
4680 1530   0.1
4770 1530   0.0
4860 1530   0.0
4950 1530   0.0
   0 1620   0.0
  90 1620   0.0
 180 1620   0.0
 270 1620   0.1
 360 1620   0.1
 450 1620   0.2
 540 1620   0.3
 630 1620   0.5
 720 1620   0.8
 810 1620   1.3
 900 1620   1.9
 990 1620   2.9
1080 1620   4.1
1170 1620   5.8
1260 1620   8.1
1350 1620  10.9
1440 1620  14.3
1530 1620  18.5
1620 1620  23.3
1710 1620  28.7
1800 1620  34.5
1890 1620  40.7
1980 1620  46.9
2070 1620  52.8
2160 1620  58.1
2250 1620  62.5
2340 1620  65.8
2430 1620  67.8
2520 1620  68.2
2610 1620  67.1
2700 1620  64.5
2790 1620  60.7
2880 1620  55.8
2970 1620  50.2
3060 1620  44.1
3150 1620  37.9
3240 1620  31.9
3330 1620  26.2
3420 1620  21.1
3510 1620  16.5
3600 1620  12.7
3690 1620   9.5
3780 1620   7.0
3870 1620   5.0
3960 1620   3.5
4050 1620   2.4
4140 1620   1.6
4230 1620   1.1
4320 1620   0.7
4410 1620   0.4
4500 1620   0.3
4590 1620   0.2
4680 1620   0.1
4770 1620   0.1
4860 1620   0.0
4950 1620   0.0
   0 1710   0.0
  90 1710   0.0
 180 1710   0.0
 270 1710   0.1
 360 1710   0.1
 450 1710   0.2
 540 1710   0.4
 630 1710   0.7
 720 1710   1.0
 810 1710   1.6
 900 1710   2.4
 990 1710   3.5
1080 1710   5.1
1170 1710   7.2
1260 1710   9.9
1350 1710  13.4
1440 1710  17.7
1530 1710  22.8
1620 1710  28.7
1710 1710  35.3
1800 1710  42.6
1890 1710  50.1
1980 1710  57.7
2070 1710  65.0
2160 1710  71.6
2250 1710  77.1
2340 1710  81.1
2430 1710  83.5
2520 1710  84.0
2610 1710  82.7
2700 1710  79.5
2790 1710  74.8
2880 1710  68.8
2970 1710  61.8
3060 1710  54.4
3150 1710  46.7
3240 1710  39.3
3330 1710  32.3
3420 1710  25.9
3510 1710  20.4
3600 1710  15.7
3690 1710  11.8
3780 1710   8.6
3870 1710   6.2
3960 1710   4.4
4050 1710   3.0
4140 1710   2.0
4230 1710   1.3
4320 1710   0.8
4410 1710   0.5
4500 1710   0.3
4590 1710   0.2
4680 1710   0.1
4770 1710   0.1
4860 1710   0.0
4950 1710   0.0
   0 1800   0.0
  90 1800   0.0
 180 1800   0.1
 270 1800   0.1
 360 1800   0.2
 450 1800   0.3
 540 1800   0.5
 630 1800   0.8
 720 1800   1.2
 810 1800   1.9
 900 1800   2.9
 990 1800   4.3
1080 1800   6.2
1170 1800   8.7
1260 1800  12.0
1350 1800  16.1
1440 1800  21.3
1530 1800  27.4
1620 1800  34.5
1710 1800  42.6
1800 1800  51.3
1890 1800  60.4
1980 1800  69.6
2070 1800  78.3
2160 1800  86.2
2250 1800  92.8
2340 1800  97.7
2430 1800 100.6
2520 1800 101.2
2610 1800  99.6
2700 1800  95.8
2790 1800  90.1
2880 1800  82.9
2970 1800  74.5
3060 1800  65.5
3150 1800  56.3
3240 1800  47.3
3330 1800  38.9
3420 1800  31.3
3510 1800  24.6
3600 1800  18.9
3690 1800  14.2
3780 1800  10.4
3870 1800   7.5
3960 1800   5.2
4050 1800   3.6
4140 1800   2.4
4230 1800   1.6
4320 1800   1.0
4410 1800   0.6
4500 1800   0.4
4590 1800   0.2
4680 1800   0.1
4770 1800   0.1
4860 1800   0.0
4950 1800   0.0
   0 1890   0.0
  90 1890   0.0
 180 1890   0.1
 270 1890   0.1
 360 1890   0.2
 450 1890   0.3
 540 1890   0.6
 630 1890   0.9
 720 1890   1.5
 810 1890   2.3
 900 1890   3.4
 990 1890   5.0
1080 1890   7.2
1170 1890  10.2
1260 1890  14.1
1350 1890  19.0
1440 1890  25.1
1530 1890  32.3
1620 1890  40.7
1710 1890  50.1
1800 1890  60.4
1890 1890  71.1
1980 1890  81.9
2070 1890  92.3
2160 1890 101.6
2250 1890 109.4
2340 1890 115.1
2430 1890 118.5
2520 1890 119.2
2610 1890 117.3
2700 1890 112.8
2790 1890 106.1
2880 1890  97.6
2970 1890  87.8
3060 1890  77.2
3150 1890  66.3
3240 1890  55.8
3330 1890  45.8
3420 1890  36.8
3510 1890  28.9
3600 1890  22.2
3690 1890  16.7
3780 1890  12.3
3870 1890   8.8
3960 1890   6.2
4050 1890   4.2
4140 1890   2.8
4230 1890   1.9
4320 1890   1.2
4410 1890   0.8
4500 1890   0.5
4590 1890   0.3
4680 1890   0.2
4770 1890   0.1
4860 1890   0.1
4950 1890   0.0
   0 1980   0.0
  90 1980   0.0
 180 1980   0.1
 270 1980   0.1
 360 1980   0.2
 450 1980   0.4
 540 1980   0.7
 630 1980   1.1
 720 1980   1.7
 810 1980   2.6
 900 1980   3.9
 990 1980   5.8
1080 1980   8.3
1170 1980  11.8
1260 1980  16.2
1350 1980  21.9
1440 1980  28.9
1530 1980  37.2
1620 1980  46.9
1710 1980  57.7
1800 1980  69.6
1890 1980  81.9
1980 1980  94.4
2070 1980 106.3
2160 1980 117.0
2250 1980 126.0
2340 1980 132.6
2430 1980 136.4
2520 1980 137.3
2610 1980 135.1
2700 1980 130.0
2790 1980 122.2
2880 1980 112.4
2970 1980 101.1
3060 1980  88.9
3150 1980  76.4
3240 1980  64.2
3330 1980  52.8
3420 1980  42.4
3510 1980  33.3
3600 1980  25.6
3690 1980  19.2
3780 1980  14.1
3870 1980  10.1
3960 1980   7.1
4050 1980   4.9
4140 1980   3.3
4230 1980   2.2
4320 1980   1.4
4410 1980   0.9
4500 1980   0.5
4590 1980   0.3
4680 1980   0.2
4770 1980   0.1
4860 1980   0.1
4950 1980   0.0
   0 2070   0.0
  90 2070   0.0
 180 2070   0.1
 270 2070   0.2
 360 2070   0.3
 450 2070   0.5
 540 2070   0.7
 630 2070   1.2
 720 2070   1.9
 810 2070   2.9
 900 2070   4.4
 990 2070   6.5
1080 2070   9.4
1170 2070  13.3
1260 2070  18.3
1350 2070  24.6
1440 2070  32.5
1530 2070  41.9
1620 2070  52.8
1710 2070  65.0
1800 2070  78.3
1890 2070  92.3
1980 2070 106.3
2070 2070 119.7
2160 2070 131.8
2250 2070 141.8
2340 2070 149.3
2430 2070 153.7
2520 2070 154.6
2610 2070 152.1
2700 2070 146.3
2790 2070 137.6
2880 2070 126.6
2970 2070 113.8
3060 2070 100.1
3150 2070  86.0
3240 2070  72.3
3330 2070  59.4
3420 2070  47.7
3510 2070  37.5
3600 2070  28.8
3690 2070  21.6
3780 2070  15.9
3870 2070  11.4
3960 2070   8.0
4050 2070   5.5
4140 2070   3.7
4230 2070   2.4
4320 2070   1.6
4410 2070   1.0
4500 2070   0.6
4590 2070   0.4
4680 2070   0.2
4770 2070   0.1
4860 2070   0.1
4950 2070   0.0
   0 2160   0.0
  90 2160   0.1
 180 2160   0.1
 270 2160   0.2
 360 2160   0.3
 450 2160   0.5
 540 2160   0.8
 630 2160   1.3
 720 2160   2.1
 810 2160   3.2
 900 2160   4.9
 990 2160   7.2
1080 2160  10.4
1170 2160  14.6
1260 2160  20.1
1350 2160  27.1
1440 2160  35.8
1530 2160  46.1
1620 2160  58.1
1710 2160  71.6
1800 2160  86.2
1890 2160 101.6
1980 2160 117.0
2070 2160 131.8
2160 2160 145.1
2250 2160 156.2
2340 2160 164.4
2430 2160 169.2
2520 2160 170.2
2610 2160 167.5
2700 2160 161.1
2790 2160 151.6
2880 2160 139.4
2970 2160 125.3
3060 2160 110.2
3150 2160  94.7
3240 2160  79.6
3330 2160  65.4
3420 2160  52.6
3510 2160  41.3
3600 2160  31.7
3690 2160  23.8
3780 2160  17.5
3870 2160  12.6
3960 2160   8.8
4050 2160   6.1
4140 2160   4.1
4230 2160   2.7
4320 2160   1.7
4410 2160   1.1
4500 2160   0.7
4590 2160   0.4
4680 2160   0.2
4770 2160   0.1
4860 2160   0.1
4950 2160   0.0
   0 2250   0.0
  90 2250   0.1
 180 2250   0.1
 270 2250   0.2
 360 2250   0.3
 450 2250   0.5
 540 2250   0.9
 630 2250   1.4
 720 2250   2.3
 810 2250   3.5
 900 2250   5.2
 990 2250   7.7
1080 2250  11.1
1170 2250  15.7
1260 2250  21.7
1350 2250  29.2
1440 2250  38.5
1530 2250  49.6
1620 2250  62.5
1710 2250  77.1
1800 2250  92.8
1890 2250 109.4
1980 2250 126.0
2070 2250 141.8
2160 2250 156.2
2250 2250 168.1
2340 2250 177.0
2430 2250 182.1
2520 2250 183.3
2610 2250 180.3
2700 2250 173.5
2790 2250 163.2
2880 2250 150.0
2970 2250 134.9
3060 2250 118.6
3150 2250 102.0
3240 2250  85.7
3330 2250  70.4
3420 2250  56.6
3510 2250  44.5
3600 2250  34.2
3690 2250  25.7
3780 2250  18.8
3870 2250  13.5
3960 2250   9.5
4050 2250   6.5
4140 2250   4.4
4230 2250   2.9
4320 2250   1.8
4410 2250   1.2
4500 2250   0.7
4590 2250   0.4
4680 2250   0.2
4770 2250   0.1
4860 2250   0.1
4950 2250   0.0
   0 2340   0.0
  90 2340   0.1
 180 2340   0.1
 270 2340   0.2
 360 2340   0.3
 450 2340   0.6
 540 2340   0.9
 630 2340   1.5
 720 2340   2.4
 810 2340   3.7
 900 2340   5.5
 990 2340   8.1
1080 2340  11.7
1170 2340  16.5
1260 2340  22.8
1350 2340  30.8
1440 2340  40.5
1530 2340  52.2
1620 2340  65.8
1710 2340  81.1
1800 2340  97.7
1890 2340 115.1
1980 2340 132.6
2070 2340 149.3
2160 2340 164.4
2250 2340 177.0
2340 2340 186.3
2430 2340 191.7
2520 2340 192.9
2610 2340 189.8
2700 2340 182.6
2790 2340 171.7
2880 2340 157.9
2970 2340 142.0
3060 2340 124.9
3150 2340 107.3
3240 2340  90.2
3330 2340  74.1
3420 2340  59.6
3510 2340  46.8
3600 2340  36.0
3690 2340  27.0
3780 2340  19.8
3870 2340  14.2
3960 2340  10.0
4050 2340   6.9
4140 2340   4.6
4230 2340   3.0
4320 2340   1.9
4410 2340   1.2
4500 2340   0.7
4590 2340   0.4
4680 2340   0.3
4770 2340   0.2
4860 2340   0.1
4950 2340   0.0
   0 2430   0.0
  90 2430   0.1
 180 2430   0.1
 270 2430   0.2
 360 2430   0.3
 450 2430   0.6
 540 2430   1.0
 630 2430   1.5
 720 2430   2.4
 810 2430   3.8
 900 2430   5.7
 990 2430   8.4
1080 2430  12.1
1170 2430  17.0
1260 2430  23.5
1350 2430  31.6
1440 2430  41.7
1530 2430  53.8
1620 2430  67.8
1710 2430  83.5
1800 2430 100.6
1890 2430 118.5
1980 2430 136.4
2070 2430 153.7
2160 2430 169.2
2250 2430 182.1
2340 2430 191.7
2430 2430 197.3
2520 2430 198.5
2610 2430 195.3
2700 2430 187.9
2790 2430 176.7
2880 2430 162.5
2970 2430 146.2
3060 2430 128.5
3150 2430 110.5
3240 2430  92.8
3330 2430  76.3
3420 2430  61.3
3510 2430  48.2
3600 2430  37.0
3690 2430  27.8
3780 2430  20.4
3870 2430  14.7
3960 2430  10.3
4050 2430   7.1
4140 2430   4.7
4230 2430   3.1
4320 2430   2.0
4410 2430   1.3
4500 2430   0.8
4590 2430   0.5
4680 2430   0.3
4770 2430   0.2
4860 2430   0.1
4950 2430   0.0
   0 2520   0.0
  90 2520   0.1
 180 2520   0.1
 270 2520   0.2
 360 2520   0.3
 450 2520   0.6
 540 2520   1.0
 630 2520   1.6
 720 2520   2.5
 810 2520   3.8
 900 2520   5.7
 990 2520   8.4
1080 2520  12.1
1170 2520  17.1
1260 2520  23.6
1350 2520  31.8
1440 2520  42.0
1530 2520  54.1
1620 2520  68.2
1710 2520  84.0
1800 2520 101.2
1890 2520 119.2
1980 2520 137.3
2070 2520 154.6
2160 2520 170.2
2250 2520 183.3
2340 2520 192.9
2430 2520 198.5
2520 2520 199.8
2610 2520 196.6
2700 2520 189.1
2790 2520 177.9
2880 2520 163.6
2970 2520 147.1
3060 2520 129.3
3150 2520 111.2
3240 2520  93.4
3330 2520  76.8
3420 2520  61.7
3510 2520  48.5
3600 2520  37.2
3690 2520  28.0
3780 2520  20.5
3870 2520  14.7
3960 2520  10.4
4050 2520   7.1
4140 2520   4.8
4230 2520   3.1
4320 2520   2.0
4410 2520   1.3
4500 2520   0.8
4590 2520   0.5
4680 2520   0.3
4770 2520   0.2
4860 2520   0.1
4950 2520   0.0
   0 2610   0.0
  90 2610   0.1
 180 2610   0.1
 270 2610   0.2
 360 2610   0.3
 450 2610   0.6
 540 2610   0.9
 630 2610   1.5
 720 2610   2.4
 810 2610   3.7
 900 2610   5.6
 990 2610   8.3
1080 2610  12.0
1170 2610  16.9
1260 2610  23.2
1350 2610  31.3
1440 2610  41.3
1530 2610  53.2
1620 2610  67.1
1710 2610  82.7
1800 2610  99.6
1890 2610 117.3
1980 2610 135.1
2070 2610 152.1
2160 2610 167.5
2250 2610 180.3
2340 2610 189.8
2430 2610 195.3
2520 2610 196.6
2610 2610 193.4
2700 2610 186.0
2790 2610 175.0
2880 2610 160.9
2970 2610 144.7
3060 2610 127.2
3150 2610 109.4
3240 2610  91.9
3330 2610  75.5
3420 2610  60.7
3510 2610  47.7
3600 2610  36.6
3690 2610  27.5
3780 2610  20.2
3870 2610  14.5
3960 2610  10.2
4050 2610   7.0
4140 2610   4.7
4230 2610   3.1
4320 2610   2.0
4410 2610   1.2
4500 2610   0.8
4590 2610   0.5
4680 2610   0.3
4770 2610   0.2
4860 2610   0.1
4950 2610   0.0
   0 2700   0.0
  90 2700   0.1
 180 2700   0.1
 270 2700   0.2
 360 2700   0.3
 450 2700   0.6
 540 2700   0.9
 630 2700   1.5
 720 2700   2.3
 810 2700   3.6
 900 2700   5.4
 990 2700   8.0
1080 2700  11.5
1170 2700  16.2
1260 2700  22.4
1350 2700  30.1
1440 2700  39.7
1530 2700  51.2
1620 2700  64.5
1710 2700  79.5
1800 2700  95.8
1890 2700 112.8
1980 2700 130.0
2070 2700 146.3
2160 2700 161.1
2250 2700 173.5
2340 2700 182.6
2430 2700 187.9
2520 2700 189.1
2610 2700 186.0
2700 2700 179.0
2790 2700 168.3
2880 2700 154.8
2970 2700 139.2
3060 2700 122.4
3150 2700 105.2
3240 2700  88.4
3330 2700  72.7
3420 2700  58.4
3510 2700  45.9
3600 2700  35.2
3690 2700  26.5
3780 2700  19.4
3870 2700  14.0
3960 2700   9.8
4050 2700   6.7
4140 2700   4.5
4230 2700   3.0
4320 2700   1.9
4410 2700   1.2
4500 2700   0.7
4590 2700   0.4
4680 2700   0.3
4770 2700   0.1
4860 2700   0.1
4950 2700   0.0
   0 2790   0.0
  90 2790   0.1
 180 2790   0.1
 270 2790   0.2
 360 2790   0.3
 450 2790   0.5
 540 2790   0.9
 630 2790   1.4
 720 2790   2.2
 810 2790   3.4
 900 2790   5.1
 990 2790   7.5
1080 2790  10.8
1170 2790  15.3
1260 2790  21.0
1350 2790  28.4
1440 2790  37.4
1530 2790  48.2
1620 2790  60.7
1710 2790  74.8
1800 2790  90.1
1890 2790 106.1
1980 2790 122.2
2070 2790 137.6
2160 2790 151.6
2250 2790 163.2
2340 2790 171.7
2430 2790 176.7
2520 2790 177.9
2610 2790 175.0
2700 2790 168.3
2790 2790 158.3
2880 2790 145.6
2970 2790 130.9
3060 2790 115.1
3150 2790  99.0
3240 2790  83.2
3330 2790  68.4
3420 2790  54.9
3510 2790  43.2
3600 2790  33.1
3690 2790  24.9
3780 2790  18.3
3870 2790  13.1
3960 2790   9.2
4050 2790   6.3
4140 2790   4.2
4230 2790   2.8
4320 2790   1.8
4410 2790   1.1
4500 2790   0.7
4590 2790   0.4
4680 2790   0.2
4770 2790   0.1
4860 2790   0.1
4950 2790   0.0
   0 2880   0.0
  90 2880   0.1
 180 2880   0.1
 270 2880   0.2
 360 2880   0.3
 450 2880   0.5
 540 2880   0.8
 630 2880   1.3
 720 2880   2.0
 810 2880   3.1
 900 2880   4.7
 990 2880   6.9
1080 2880   9.9
1170 2880  14.0
1260 2880  19.3
1350 2880  26.1
1440 2880  34.4
1530 2880  44.3
1620 2880  55.8
1710 2880  68.8
1800 2880  82.9
1890 2880  97.6
1980 2880 112.4
2070 2880 126.6
2160 2880 139.4
2250 2880 150.0
2340 2880 157.9
2430 2880 162.5
2520 2880 163.6
2610 2880 160.9
2700 2880 154.8
2790 2880 145.6
2880 2880 133.9
2970 2880 120.4
3060 2880 105.9
3150 2880  91.0
3240 2880  76.5
3330 2880  62.9
3420 2880  50.5
3510 2880  39.7
3600 2880  30.5
3690 2880  22.9
3780 2880  16.8
3870 2880  12.1
3960 2880   8.5
4050 2880   5.8
4140 2880   3.9
4230 2880   2.6
4320 2880   1.6
4410 2880   1.0
4500 2880   0.6
4590 2880   0.4
4680 2880   0.2
4770 2880   0.1
4860 2880   0.1
4950 2880   0.0
   0 2970   0.0
  90 2970   0.0
 180 2970   0.1
 270 2970   0.1
 360 2970   0.3
 450 2970   0.4
 540 2970   0.7
 630 2970   1.1
 720 2970   1.8
 810 2970   2.8
 900 2970   4.2
 990 2970   6.2
1080 2970   8.9
1170 2970  12.6
1260 2970  17.4
1350 2970  23.4
1440 2970  30.9
1530 2970  39.8
1620 2970  50.2
1710 2970  61.8
1800 2970  74.5
1890 2970  87.8
1980 2970 101.1
2070 2970 113.8
2160 2970 125.3
2250 2970 134.9
2340 2970 142.0
2430 2970 146.2
2520 2970 147.1
2610 2970 144.7
2700 2970 139.2
2790 2970 130.9
2880 2970 120.4
2970 2970 108.3
3060 2970  95.2
3150 2970  81.8
3240 2970  68.8
3330 2970  56.5
3420 2970  45.4
3510 2970  35.7
3600 2970  27.4
3690 2970  20.6
3780 2970  15.1
3870 2970  10.9
3960 2970   7.6
4050 2970   5.2
4140 2970   3.5
4230 2970   2.3
4320 2970   1.5
4410 2970   0.9
4500 2970   0.6
4590 2970   0.3
4680 2970   0.2
4770 2970   0.1
4860 2970   0.1
4950 2970   0.0
   0 3060   0.0
  90 3060   0.0
 180 3060   0.1
 270 3060   0.1
 360 3060   0.2
 450 3060   0.4
 540 3060   0.6
 630 3060   1.0
 720 3060   1.6
 810 3060   2.4
 900 3060   3.7
 990 3060   5.5
1080 3060   7.9
1170 3060  11.1
1260 3060  15.3
1350 3060  20.6
1440 3060  27.2
1530 3060  35.0
1620 3060  44.1
1710 3060  54.4
1800 3060  65.5
1890 3060  77.2
1980 3060  88.9
2070 3060 100.1
2160 3060 110.2
2250 3060 118.6
2340 3060 124.9
2430 3060 128.5
2520 3060 129.3
2610 3060 127.2
2700 3060 122.4
2790 3060 115.1
2880 3060 105.9
2970 3060  95.2
3060 3060  83.7
3150 3060  71.9
3240 3060  60.5
3330 3060  49.7
3420 3060  39.9
3510 3060  31.4
3600 3060  24.1
3690 3060  18.1
3780 3060  13.3
3870 3060   9.5
3960 3060   6.7
4050 3060   4.6
4140 3060   3.1
4230 3060   2.0
4320 3060   1.3
4410 3060   0.8
4500 3060   0.5
4590 3060   0.3
4680 3060   0.2
4770 3060   0.1
4860 3060   0.1
4950 3060   0.0
   0 3150   0.0
  90 3150   0.0
 180 3150   0.1
 270 3150   0.1
 360 3150   0.2
 450 3150   0.3
 540 3150   0.5
 630 3150   0.9
 720 3150   1.4
 810 3150   2.1
 900 3150   3.2
 990 3150   4.7
1080 3150   6.8
1170 3150   9.5
1260 3150  13.1
1350 3150  17.7
1440 3150  23.4
1530 3150  30.1
1620 3150  37.9
1710 3150  46.7
1800 3150  56.3
1890 3150  66.3
1980 3150  76.4
2070 3150  86.0
2160 3150  94.7
2250 3150 102.0
2340 3150 107.3
2430 3150 110.5
2520 3150 111.2
2610 3150 109.4
2700 3150 105.2
2790 3150  99.0
2880 3150  91.0
2970 3150  81.8
3060 3150  71.9
3150 3150  61.8
3240 3150  52.0
3330 3150  42.7
3420 3150  34.3
3510 3150  27.0
3600 3150  20.7
3690 3150  15.6
3780 3150  11.4
3870 3150   8.2
3960 3150   5.8
4050 3150   4.0
4140 3150   2.7
4230 3150   1.7
4320 3150   1.1
4410 3150   0.7
4500 3150   0.4
4590 3150   0.3
4680 3150   0.2
4770 3150   0.1
4860 3150   0.0
4950 3150   0.0
   0 3240   0.0
  90 3240   0.0
 180 3240   0.1
 270 3240   0.1
 360 3240   0.2
 450 3240   0.3
 540 3240   0.5
 630 3240   0.7
 720 3240   1.1
 810 3240   1.8
 900 3240   2.7
 990 3240   3.9
1080 3240   5.7
1170 3240   8.0
1260 3240  11.0
1350 3240  14.9
1440 3240  19.6
1530 3240  25.3
1620 3240  31.9
1710 3240  39.3
1800 3240  47.3
1890 3240  55.8
1980 3240  64.2
2070 3240  72.3
2160 3240  79.6
2250 3240  85.7
2340 3240  90.2
2430 3240  92.8
2520 3240  93.4
2610 3240  91.9
2700 3240  88.4
2790 3240  83.2
2880 3240  76.5
2970 3240  68.8
3060 3240  60.5
3150 3240  52.0
3240 3240  43.7
3330 3240  35.9
3420 3240  28.9
3510 3240  22.7
3600 3240  17.4
3690 3240  13.1
3780 3240   9.6
3870 3240   6.9
3960 3240   4.8
4050 3240   3.3
4140 3240   2.2
4230 3240   1.5
4320 3240   0.9
4410 3240   0.6
4500 3240   0.4
4590 3240   0.2
4680 3240   0.1
4770 3240   0.1
4860 3240   0.0
4950 3240   0.0
   0 3330   0.0
  90 3330   0.0
 180 3330   0.0
 270 3330   0.1
 360 3330   0.1
 450 3330   0.2
 540 3330   0.4
 630 3330   0.6
 720 3330   0.9
 810 3330   1.5
 900 3330   2.2
 990 3330   3.2
1080 3330   4.7
1170 3330   6.6
1260 3330   9.1
1350 3330  12.2
1440 3330  16.1
1530 3330  20.8
1620 3330  26.2
1710 3330  32.3
1800 3330  38.9
1890 3330  45.8
1980 3330  52.8
2070 3330  59.4
2160 3330  65.4
2250 3330  70.4
2340 3330  74.1
2430 3330  76.3
2520 3330  76.8
2610 3330  75.5
2700 3330  72.7
2790 3330  68.4
2880 3330  62.9
2970 3330  56.5
3060 3330  49.7
3150 3330  42.7
3240 3330  35.9
3330 3330  29.5
3420 3330  23.7
3510 3330  18.6
3600 3330  14.3
3690 3330  10.7
3780 3330   7.9
3870 3330   5.7
3960 3330   4.0
4050 3330   2.7
4140 3330   1.8
4230 3330   1.2
4320 3330   0.8
4410 3330   0.5
4500 3330   0.3
4590 3330   0.2
4680 3330   0.1
4770 3330   0.1
4860 3330   0.0
4950 3330   0.0
   0 3420   0.0
  90 3420   0.0
 180 3420   0.0
 270 3420   0.1
 360 3420   0.1
 450 3420   0.2
 540 3420   0.3
 630 3420   0.5
 720 3420   0.8
 810 3420   1.2
 900 3420   1.8
 990 3420   2.6
1080 3420   3.8
1170 3420   5.3
1260 3420   7.3
1350 3420   9.8
1440 3420  13.0
1530 3420  16.7
1620 3420  21.1
1710 3420  25.9
1800 3420  31.3
1890 3420  36.8
1980 3420  42.4
2070 3420  47.7
2160 3420  52.6
2250 3420  56.6
2340 3420  59.6
2430 3420  61.3
2520 3420  61.7
2610 3420  60.7
2700 3420  58.4
2790 3420  54.9
2880 3420  50.5
2970 3420  45.4
3060 3420  39.9
3150 3420  34.3
3240 3420  28.9
3330 3420  23.7
3420 3420  19.1
3510 3420  15.0
3600 3420  11.5
3690 3420   8.6
3780 3420   6.3
3870 3420   4.6
3960 3420   3.2
4050 3420   2.2
4140 3420   1.5
4230 3420   1.0
4320 3420   0.6
4410 3420   0.4
4500 3420   0.2
4590 3420   0.1
4680 3420   0.1
4770 3420   0.0
4860 3420   0.0
4950 3420   0.0
   0 3510   0.0
  90 3510   0.0
 180 3510   0.0
 270 3510   0.0
 360 3510   0.1
 450 3510   0.1
 540 3510   0.2
 630 3510   0.4
 720 3510   0.6
 810 3510   0.9
 900 3510   1.4
 990 3510   2.0
1080 3510   2.9
1170 3510   4.2
1260 3510   5.7
1350 3510   7.7
1440 3510  10.2
1530 3510  13.1
1620 3510  16.5
1710 3510  20.4
1800 3510  24.6
1890 3510  28.9
1980 3510  33.3
2070 3510  37.5
2160 3510  41.3
2250 3510  44.5
2340 3510  46.8
2430 3510  48.2
2520 3510  48.5
2610 3510  47.7
2700 3510  45.9
2790 3510  43.2
2880 3510  39.7
2970 3510  35.7
3060 3510  31.4
3150 3510  27.0
3240 3510  22.7
3330 3510  18.6
3420 3510  15.0
3510 3510  11.8
3600 3510   9.0
3690 3510   6.8
3780 3510   5.0
3870 3510   3.6
3960 3510   2.5
4050 3510   1.7
4140 3510   1.2
4230 3510   0.8
4320 3510   0.5
4410 3510   0.3
4500 3510   0.2
4590 3510   0.1
4680 3510   0.1
4770 3510   0.0
4860 3510   0.0
4950 3510   0.0
   0 3600   0.0
  90 3600   0.0
 180 3600   0.0
 270 3600   0.0
 360 3600   0.1
 450 3600   0.1
 540 3600   0.2
 630 3600   0.3
 720 3600   0.5
 810 3600   0.7
 900 3600   1.1
 990 3600   1.6
1080 3600   2.3
1170 3600   3.2
1260 3600   4.4
1350 3600   5.9
1440 3600   7.8
1530 3600  10.1
1620 3600  12.7
1710 3600  15.7
1800 3600  18.9
1890 3600  22.2
1980 3600  25.6
2070 3600  28.8
2160 3600  31.7
2250 3600  34.2
2340 3600  36.0
2430 3600  37.0
2520 3600  37.2
2610 3600  36.6
2700 3600  35.2
2790 3600  33.1
2880 3600  30.5
2970 3600  27.4
3060 3600  24.1
3150 3600  20.7
3240 3600  17.4
3330 3600  14.3
3420 3600  11.5
3510 3600   9.0
3600 3600   6.9
3690 3600   5.2
3780 3600   3.8
3870 3600   2.7
3960 3600   1.9
4050 3600   1.3
4140 3600   0.9
4230 3600   0.6
4320 3600   0.4
4410 3600   0.2
4500 3600   0.1
4590 3600   0.1
4680 3600   0.1
4770 3600   0.0
4860 3600   0.0
4950 3600   0.0
   0 3690   0.0
  90 3690   0.0
 180 3690   0.0
 270 3690   0.0
 360 3690   0.0
 450 3690   0.1
 540 3690   0.1
 630 3690   0.2
 720 3690   0.3
 810 3690   0.5
 900 3690   0.8
 990 3690   1.2
1080 3690   1.7
1170 3690   2.4
1260 3690   3.3
1350 3690   4.5
1440 3690   5.9
1530 3690   7.6
1620 3690   9.5
1710 3690  11.8
1800 3690  14.2
1890 3690  16.7
1980 3690  19.2
2070 3690  21.6
2160 3690  23.8
2250 3690  25.7
2340 3690  27.0
2430 3690  27.8
2520 3690  28.0
2610 3690  27.5
2700 3690  26.5
2790 3690  24.9
2880 3690  22.9
2970 3690  20.6
3060 3690  18.1
3150 3690  15.6
3240 3690  13.1
3330 3690  10.7
3420 3690   8.6
3510 3690   6.8
3600 3690   5.2
3690 3690   3.9
3780 3690   2.9
3870 3690   2.1
3960 3690   1.4
4050 3690   1.0
4140 3690   0.7
4230 3690   0.4
4320 3690   0.3
4410 3690   0.2
4500 3690   0.1
4590 3690   0.1
4680 3690   0.0
4770 3690   0.0
4860 3690   0.0
4950 3690   0.0
   0 3780   0.0
  90 3780   0.0
 180 3780   0.0
 270 3780   0.0
 360 3780   0.0
 450 3780   0.1
 540 3780   0.1
 630 3780   0.2
 720 3780   0.3
 810 3780   0.4
 900 3780   0.6
 990 3780   0.9
1080 3780   1.2
1170 3780   1.8
1260 3780   2.4
1350 3780   3.3
1440 3780   4.3
1530 3780   5.6
1620 3780   7.0
1710 3780   8.6
1800 3780  10.4
1890 3780  12.3
1980 3780  14.1
2070 3780  15.9
2160 3780  17.5
2250 3780  18.8
2340 3780  19.8
2430 3780  20.4
2520 3780  20.5
2610 3780  20.2
2700 3780  19.4
2790 3780  18.3
2880 3780  16.8
2970 3780  15.1
3060 3780  13.3
3150 3780  11.4
3240 3780   9.6
3330 3780   7.9
3420 3780   6.3
3510 3780   5.0
3600 3780   3.8
3690 3780   2.9
3780 3780   2.1
3870 3780   1.5
3960 3780   1.1
4050 3780   0.7
4140 3780   0.5
4230 3780   0.3
4320 3780   0.2
4410 3780   0.1
4500 3780   0.1
4590 3780   0.0
4680 3780   0.0
4770 3780   0.0
4860 3780   0.0
4950 3780   0.0
   0 3870   0.0
  90 3870   0.0
 180 3870   0.0
 270 3870   0.0
 360 3870   0.0
 450 3870   0.0
 540 3870   0.1
 630 3870   0.1
 720 3870   0.2
 810 3870   0.3
 900 3870   0.4
 990 3870   0.6
1080 3870   0.9
1170 3870   1.3
1260 3870   1.7
1350 3870   2.4
1440 3870   3.1
1530 3870   4.0
1620 3870   5.0
1710 3870   6.2
1800 3870   7.5
1890 3870   8.8
1980 3870  10.1
2070 3870  11.4
2160 3870  12.6
2250 3870  13.5
2340 3870  14.2
2430 3870  14.7
2520 3870  14.7
2610 3870  14.5
2700 3870  14.0
2790 3870  13.1
2880 3870  12.1
2970 3870  10.9
3060 3870   9.5
3150 3870   8.2
3240 3870   6.9
3330 3870   5.7
3420 3870   4.6
3510 3870   3.6
3600 3870   2.7
3690 3870   2.1
3780 3870   1.5
3870 3870   1.1
3960 3870   0.8
4050 3870   0.5
4140 3870   0.4
4230 3870   0.2
4320 3870   0.1
4410 3870   0.1
4500 3870   0.1
4590 3870   0.0
4680 3870   0.0
4770 3870   0.0
4860 3870   0.0
4950 3870   0.0
   0 3960   0.0
  90 3960   0.0
 180 3960   0.0
 270 3960   0.0
 360 3960   0.0
 450 3960   0.0
 540 3960   0.0
 630 3960   0.1
 720 3960   0.1
 810 3960   0.2
 900 3960   0.3
 990 3960   0.4
1080 3960   0.6
1170 3960   0.9
1260 3960   1.2
1350 3960   1.7
1440 3960   2.2
1530 3960   2.8
1620 3960   3.5
1710 3960   4.4
1800 3960   5.2
1890 3960   6.2
1980 3960   7.1
2070 3960   8.0
2160 3960   8.8
2250 3960   9.5
2340 3960  10.0
2430 3960  10.3
2520 3960  10.4
2610 3960  10.2
2700 3960   9.8
2790 3960   9.2
2880 3960   8.5
2970 3960   7.6
3060 3960   6.7
3150 3960   5.8
3240 3960   4.8
3330 3960   4.0
3420 3960   3.2
3510 3960   2.5
3600 3960   1.9
3690 3960   1.4
3780 3960   1.1
3870 3960   0.8
3960 3960   0.5
4050 3960   0.4
4140 3960   0.2
4230 3960   0.2
4320 3960   0.1
4410 3960   0.1
4500 3960   0.0
4590 3960   0.0
4680 3960   0.0
4770 3960   0.0
4860 3960   0.0
4950 3960   0.0
   0 4050   0.0
  90 4050   0.0
 180 4050   0.0
 270 4050   0.0
 360 4050   0.0
 450 4050   0.0
 540 4050   0.0
 630 4050   0.1
 720 4050   0.1
 810 4050   0.1
 900 4050   0.2
 990 4050   0.3
1080 4050   0.4
1170 4050   0.6
1260 4050   0.8
1350 4050   1.1
1440 4050   1.5
1530 4050   1.9
1620 4050   2.4
1710 4050   3.0
1800 4050   3.6
1890 4050   4.2
1980 4050   4.9
2070 4050   5.5
2160 4050   6.1
2250 4050   6.5
2340 4050   6.9
2430 4050   7.1
2520 4050   7.1
2610 4050   7.0
2700 4050   6.7
2790 4050   6.3
2880 4050   5.8
2970 4050   5.2
3060 4050   4.6
3150 4050   4.0
3240 4050   3.3
3330 4050   2.7
3420 4050   2.2
3510 4050   1.7
3600 4050   1.3
3690 4050   1.0
3780 4050   0.7
3870 4050   0.5
3960 4050   0.4
4050 4050   0.3
4140 4050   0.2
4230 4050   0.1
4320 4050   0.1
4410 4050   0.0
4500 4050   0.0
4590 4050   0.0
4680 4050   0.0
4770 4050   0.0
4860 4050   0.0
4950 4050   0.0
   0 4140   0.0
  90 4140   0.0
 180 4140   0.0
 270 4140   0.0
 360 4140   0.0
 450 4140   0.0
 540 4140   0.0
 630 4140   0.0
 720 4140   0.1
 810 4140   0.1
 900 4140   0.1
 990 4140   0.2
1080 4140   0.3
1170 4140   0.4
1260 4140   0.6
1350 4140   0.8
1440 4140   1.0
1530 4140   1.3
1620 4140   1.6
1710 4140   2.0
1800 4140   2.4
1890 4140   2.8
1980 4140   3.3
2070 4140   3.7
2160 4140   4.1
2250 4140   4.4
2340 4140   4.6
2430 4140   4.7
2520 4140   4.8
2610 4140   4.7
2700 4140   4.5
2790 4140   4.2
2880 4140   3.9
2970 4140   3.5
3060 4140   3.1
3150 4140   2.7
3240 4140   2.2
3330 4140   1.8
3420 4140   1.5
3510 4140   1.2
3600 4140   0.9
3690 4140   0.7
3780 4140   0.5
3870 4140   0.4
3960 4140   0.2
4050 4140   0.2
4140 4140   0.1
4230 4140   0.1
4320 4140   0.0
4410 4140   0.0
4500 4140   0.0
4590 4140   0.0
4680 4140   0.0
4770 4140   0.0
4860 4140   0.0
4950 4140   0.0
   0 4230   0.0
  90 4230   0.0
 180 4230   0.0
 270 4230   0.0
 360 4230   0.0
 450 4230   0.0
 540 4230   0.0
 630 4230   0.0
 720 4230   0.0
 810 4230   0.1
 900 4230   0.1
 990 4230   0.1
1080 4230   0.2
1170 4230   0.3
1260 4230   0.4
1350 4230   0.5
1440 4230   0.7
1530 4230   0.8
1620 4230   1.1
1710 4230   1.3
1800 4230   1.6
1890 4230   1.9
1980 4230   2.2
2070 4230   2.4
2160 4230   2.7
2250 4230   2.9
2340 4230   3.0
2430 4230   3.1
2520 4230   3.1
2610 4230   3.1
2700 4230   3.0
2790 4230   2.8
2880 4230   2.6
2970 4230   2.3
3060 4230   2.0
3150 4230   1.7
3240 4230   1.5
3330 4230   1.2
3420 4230   1.0
3510 4230   0.8
3600 4230   0.6
3690 4230   0.4
3780 4230   0.3
3870 4230   0.2
3960 4230   0.2
4050 4230   0.1
4140 4230   0.1
4230 4230   0.0
4320 4230   0.0
4410 4230   0.0
4500 4230   0.0
4590 4230   0.0
4680 4230   0.0
4770 4230   0.0
4860 4230   0.0
4950 4230   0.0
   0 4320   0.0
  90 4320   0.0
 180 4320   0.0
 270 4320   0.0
 360 4320   0.0
 450 4320   0.0
 540 4320   0.0
 630 4320   0.0
 720 4320   0.0
 810 4320   0.0
 900 4320   0.1
 990 4320   0.1
1080 4320   0.1
1170 4320   0.2
1260 4320   0.2
1350 4320   0.3
1440 4320   0.4
1530 4320   0.5
1620 4320   0.7
1710 4320   0.8
1800 4320   1.0
1890 4320   1.2
1980 4320   1.4
2070 4320   1.6
2160 4320   1.7
2250 4320   1.8
2340 4320   1.9
2430 4320   2.0
2520 4320   2.0
2610 4320   2.0
2700 4320   1.9
2790 4320   1.8
2880 4320   1.6
2970 4320   1.5
3060 4320   1.3
3150 4320   1.1
3240 4320   0.9
3330 4320   0.8
3420 4320   0.6
3510 4320   0.5
3600 4320   0.4
3690 4320   0.3
3780 4320   0.2
3870 4320   0.1
3960 4320   0.1
4050 4320   0.1
4140 4320   0.0
4230 4320   0.0
4320 4320   0.0
4410 4320   0.0
4500 4320   0.0
4590 4320   0.0
4680 4320   0.0
4770 4320   0.0
4860 4320   0.0
4950 4320   0.0
   0 4410   0.0
  90 4410   0.0
 180 4410   0.0
 270 4410   0.0
 360 4410   0.0
 450 4410   0.0
 540 4410   0.0
 630 4410   0.0
 720 4410   0.0
 810 4410   0.0
 900 4410   0.0
 990 4410   0.1
1080 4410   0.1
1170 4410   0.1
1260 4410   0.1
1350 4410   0.2
1440 4410   0.3
1530 4410   0.3
1620 4410   0.4
1710 4410   0.5
1800 4410   0.6
1890 4410   0.8
1980 4410   0.9
2070 4410   1.0
2160 4410   1.1
2250 4410   1.2
2340 4410   1.2
2430 4410   1.3
2520 4410   1.3
2610 4410   1.2
2700 4410   1.2
2790 4410   1.1
2880 4410   1.0
2970 4410   0.9
3060 4410   0.8
3150 4410   0.7
3240 4410   0.6
3330 4410   0.5
3420 4410   0.4
3510 4410   0.3
3600 4410   0.2
3690 4410   0.2
3780 4410   0.1
3870 4410   0.1
3960 4410   0.1
4050 4410   0.0
4140 4410   0.0
4230 4410   0.0
4320 4410   0.0
4410 4410   0.0
4500 4410   0.0
4590 4410   0.0
4680 4410   0.0
4770 4410   0.0
4860 4410   0.0
4950 4410   0.0
   0 4500   0.0
  90 4500   0.0
 180 4500   0.0
 270 4500   0.0
 360 4500   0.0
 450 4500   0.0
 540 4500   0.0
 630 4500   0.0
 720 4500   0.0
 810 4500   0.0
 900 4500   0.0
 990 4500   0.0
1080 4500   0.0
1170 4500   0.1
1260 4500   0.1
1350 4500   0.1
1440 4500   0.2
1530 4500   0.2
1620 4500   0.3
1710 4500   0.3
1800 4500   0.4
1890 4500   0.5
1980 4500   0.5
2070 4500   0.6
2160 4500   0.7
2250 4500   0.7
2340 4500   0.7
2430 4500   0.8
2520 4500   0.8
2610 4500   0.8
2700 4500   0.7
2790 4500   0.7
2880 4500   0.6
2970 4500   0.6
3060 4500   0.5
3150 4500   0.4
3240 4500   0.4
3330 4500   0.3
3420 4500   0.2
3510 4500   0.2
3600 4500   0.1
3690 4500   0.1
3780 4500   0.1
3870 4500   0.1
3960 4500   0.0
4050 4500   0.0
4140 4500   0.0
4230 4500   0.0
4320 4500   0.0
4410 4500   0.0
4500 4500   0.0
4590 4500   0.0
4680 4500   0.0
4770 4500   0.0
4860 4500   0.0
4950 4500   0.0
   0 4590   0.0
  90 4590   0.0
 180 4590   0.0
 270 4590   0.0
 360 4590   0.0
 450 4590   0.0
 540 4590   0.0
 630 4590   0.0
 720 4590   0.0
 810 4590   0.0
 900 4590   0.0
 990 4590   0.0
1080 4590   0.0
1170 4590   0.0
1260 4590   0.1
1350 4590   0.1
1440 4590   0.1
1530 4590   0.1
1620 4590   0.2
1710 4590   0.2
1800 4590   0.2
1890 4590   0.3
1980 4590   0.3
2070 4590   0.4
2160 4590   0.4
2250 4590   0.4
2340 4590   0.4
2430 4590   0.5
2520 4590   0.5
2610 4590   0.5
2700 4590   0.4
2790 4590   0.4
2880 4590   0.4
2970 4590   0.3
3060 4590   0.3
3150 4590   0.3
3240 4590   0.2
3330 4590   0.2
3420 4590   0.1
3510 4590   0.1
3600 4590   0.1
3690 4590   0.1
3780 4590   0.0
3870 4590   0.0
3960 4590   0.0
4050 4590   0.0
4140 4590   0.0
4230 4590   0.0
4320 4590   0.0
4410 4590   0.0
4500 4590   0.0
4590 4590   0.0
4680 4590   0.0
4770 4590   0.0
4860 4590   0.0
4950 4590   0.0
   0 4680   0.0
  90 4680   0.0
 180 4680   0.0
 270 4680   0.0
 360 4680   0.0
 450 4680   0.0
 540 4680   0.0
 630 4680   0.0
 720 4680   0.0
 810 4680   0.0
 900 4680   0.0
 990 4680   0.0
1080 4680   0.0
1170 4680   0.0
1260 4680   0.0
1350 4680   0.0
1440 4680   0.1
1530 4680   0.1
1620 4680   0.1
1710 4680   0.1
1800 4680   0.1
1890 4680   0.2
1980 4680   0.2
2070 4680   0.2
2160 4680   0.2
2250 4680   0.2
2340 4680   0.3
2430 4680   0.3
2520 4680   0.3
2610 4680   0.3
2700 4680   0.3
2790 4680   0.2
2880 4680   0.2
2970 4680   0.2
3060 4680   0.2
3150 4680   0.2
3240 4680   0.1
3330 4680   0.1
3420 4680   0.1
3510 4680   0.1
3600 4680   0.1
3690 4680   0.0
3780 4680   0.0
3870 4680   0.0
3960 4680   0.0
4050 4680   0.0
4140 4680   0.0
4230 4680   0.0
4320 4680   0.0
4410 4680   0.0
4500 4680   0.0
4590 4680   0.0
4680 4680   0.0
4770 4680   0.0
4860 4680   0.0
4950 4680   0.0
   0 4770   0.0
  90 4770   0.0
 180 4770   0.0
 270 4770   0.0
 360 4770   0.0
 450 4770   0.0
 540 4770   0.0
 630 4770   0.0
 720 4770   0.0
 810 4770   0.0
 900 4770   0.0
 990 4770   0.0
1080 4770   0.0
1170 4770   0.0
1260 4770   0.0
1350 4770   0.0
1440 4770   0.0
1530 4770   0.0
1620 4770   0.1
1710 4770   0.1
1800 4770   0.1
1890 4770   0.1
1980 4770   0.1
2070 4770   0.1
2160 4770   0.1
2250 4770   0.1
2340 4770   0.2
2430 4770   0.2
2520 4770   0.2
2610 4770   0.2
2700 4770   0.1
2790 4770   0.1
2880 4770   0.1
2970 4770   0.1
3060 4770   0.1
3150 4770   0.1
3240 4770   0.1
3330 4770   0.1
3420 4770   0.0
3510 4770   0.0
3600 4770   0.0
3690 4770   0.0
3780 4770   0.0
3870 4770   0.0
3960 4770   0.0
4050 4770   0.0
4140 4770   0.0
4230 4770   0.0
4320 4770   0.0
4410 4770   0.0
4500 4770   0.0
4590 4770   0.0
4680 4770   0.0
4770 4770   0.0
4860 4770   0.0
4950 4770   0.0
   0 4860   0.0
  90 4860   0.0
 180 4860   0.0
 270 4860   0.0
 360 4860   0.0
 450 4860   0.0
 540 4860   0.0
 630 4860   0.0
 720 4860   0.0
 810 4860   0.0
 900 4860   0.0
 990 4860   0.0
1080 4860   0.0
1170 4860   0.0
1260 4860   0.0
1350 4860   0.0
1440 4860   0.0
1530 4860   0.0
1620 4860   0.0
1710 4860   0.0
1800 4860   0.0
1890 4860   0.1
1980 4860   0.1
2070 4860   0.1
2160 4860   0.1
2250 4860   0.1
2340 4860   0.1
2430 4860   0.1
2520 4860   0.1
2610 4860   0.1
2700 4860   0.1
2790 4860   0.1
2880 4860   0.1
2970 4860   0.1
3060 4860   0.1
3150 4860   0.0
3240 4860   0.0
3330 4860   0.0
3420 4860   0.0
3510 4860   0.0
3600 4860   0.0
3690 4860   0.0
3780 4860   0.0
3870 4860   0.0
3960 4860   0.0
4050 4860   0.0
4140 4860   0.0
4230 4860   0.0
4320 4860   0.0
4410 4860   0.0
4500 4860   0.0
4590 4860   0.0
4680 4860   0.0
4770 4860   0.0
4860 4860   0.0
4950 4860   0.0
   0 4950   0.0
  90 4950   0.0
 180 4950   0.0
 270 4950   0.0
 360 4950   0.0
 450 4950   0.0
 540 4950   0.0
 630 4950   0.0
 720 4950   0.0
 810 4950   0.0
 900 4950   0.0
 990 4950   0.0
1080 4950   0.0
1170 4950   0.0
1260 4950   0.0
1350 4950   0.0
1440 4950   0.0
1530 4950   0.0
1620 4950   0.0
1710 4950   0.0
1800 4950   0.0
1890 4950   0.0
1980 4950   0.0
2070 4950   0.0
2160 4950   0.0
2250 4950   0.0
2340 4950   0.0
2430 4950   0.0
2520 4950   0.0
2610 4950   0.0
2700 4950   0.0
2790 4950   0.0
2880 4950   0.0
2970 4950   0.0
3060 4950   0.0
3150 4950   0.0
3240 4950   0.0
3330 4950   0.0
3420 4950   0.0
3510 4950   0.0
3600 4950   0.0
3690 4950   0.0
3780 4950   0.0
3870 4950   0.0
3960 4950   0.0
4050 4950   0.0
4140 4950   0.0
4230 4950   0.0
4320 4950   0.0
4410 4950   0.0
4500 4950   0.0
4590 4950   0.0
4680 4950   0.0
4770 4950   0.0
4860 4950   0.0
4950 4950   0.0
