2001
     0 340.686
   100 340.347
   200 340.010
   300 339.673
   400 339.337
   500 339.002
   600 338.667
   700 338.333
   800 337.999
   900 337.667
  1000 337.335
  1100 337.003
  1200 336.673
  1300 336.343
  1400 336.013
  1500 335.685
  1600 335.357
  1700 335.031
  1800 334.705
  1900 334.379
  2000 334.054
  2100 333.731
  2200 333.407
  2300 333.085
  2400 332.763
  2500 332.443
  2600 332.123
  2700 331.804
  2800 331.486
  2900 331.169
  3000 330.851
  3100 330.536
  3200 330.221
  3300 329.907
  3400 329.594
  3500 329.281
  3600 328.970
  3700 328.660
  3800 328.350
  3900 328.042
  4000 327.734
  4100 327.427
  4200 327.121
  4300 326.817
  4400 326.512
  4500 326.210
  4600 325.907
  4700 325.606
  4800 325.306
  4900 325.007
  5000 324.709
  5100 324.412
  5200 324.115
  5300 323.820
  5400 323.527
  5500 323.233
  5600 322.941
  5700 322.650
  5800 322.360
  5900 322.071
  6000 321.784
  6100 321.496
  6200 321.211
  6300 320.927
  6400 320.643
  6500 320.360
  6600 320.080
  6700 319.799
  6800 319.520
  6900 319.242
  7000 318.965
  7100 318.690
  7200 318.415
  7300 318.141
  7400 317.870
  7500 317.599
  7600 317.329
  7700 317.060
  7800 316.793
  7900 316.527
  8000 316.261
  8100 315.998
  8200 315.736
  8300 315.474
  8400 315.214
  8500 314.955
  8600 314.697
  8700 314.441
  8800 314.186
  8900 313.933
  9000 313.679
  9100 313.428
  9200 313.179
  9300 312.929
  9400 312.682
  9500 312.437
  9600 312.192
  9700 311.948
  9800 311.706
  9900 311.466
 10000 311.226
 10100 310.988
 10200 310.752
 10300 310.517
 10400 310.282
 10500 310.050
 10600 309.819
 10700 309.590
 10800 309.361
 10900 309.134
 11000 308.909
 11100 308.685
 11200 308.461
 11300 308.240
 11400 308.021
 11500 307.803
 11600 307.585
 11700 307.370
 11800 307.156
 11900 306.944
 12000 306.732
 12100 306.523
 12200 306.315
 12300 306.108
 12400 305.903
 12500 305.699
 12600 305.497
 12700 305.297
 12800 305.097
 12900 304.900
 13000 304.704
 13100 304.510
 13200 304.317
 13300 304.125
 13400 303.935
 13500 303.747
 13600 303.560
 13700 303.374
 13800 303.191
 13900 303.009
 14000 302.829
 14100 302.650
 14200 302.472
 14300 302.297
 14400 302.123
 14500 301.950
 14600 301.780
 14700 301.610
 14800 301.442
 14900 301.276
 15000 301.112
 15100 300.949
 15200 300.787
 15300 300.628
 15400 300.470
 15500 300.314
 15600 300.160
 15700 300.007
 15800 299.855
 15900 299.705
 16000 299.557
 16100 299.411
 16200 299.267
 16300 299.124
 16400 298.982
 16500 298.842
 16600 298.704
 16700 298.568
 16800 298.434
 16900 298.301
 17000 298.169
 17100 298.040
 17200 297.912
 17300 297.786
 17400 297.662
 17500 297.539
 17600 297.418
 17700 297.298
 17800 297.181
 17900 297.065
 18000 296.951
 18100 296.839
 18200 296.728
 18300 296.619
 18400 296.512
 18500 296.405
 18600 296.302
 18700 296.200
 18800 296.099
 18900 296.001
 19000 295.904
 19100 295.809
 19200 295.715
 19300 295.623
 19400 295.533
 19500 295.445
 19600 295.358
 19700 295.273
 19800 295.190
 19900 295.109
 20000 295.030
 20100 294.952
 20200 294.876
 20300 294.801
 20400 294.728
 20500 294.657
 20600 294.588
 20700 294.520
 20800 294.455
 20900 294.391
 21000 294.328
 21100 294.268
 21200 294.209
 21300 294.152
 21400 294.097
 21500 294.043
 21600 293.991
 21700 293.941
 21800 293.892
 21900 293.845
 22000 293.800
 22100 293.757
 22200 293.715
 22300 293.675
 22400 293.637
 22500 293.601
 22600 293.566
 22700 293.533
 22800 293.501
 22900 293.472
 23000 293.444
 23100 293.417
 23200 293.393
 23300 293.370
 23400 293.349
 23500 293.329
 23600 293.311
 23700 293.295
 23800 293.280
 23900 293.268
 24000 293.256
 24100 293.247
 24200 293.239
 24300 293.233
 24400 293.228
 24500 293.225
 24600 293.224
 24700 293.224
 24800 293.226
 24900 293.229
 25000 293.235
 25100 293.241
 25200 293.250
 25300 293.260
 25400 293.271
 25500 293.285
 25600 293.299
 25700 293.316
 25800 293.334
 25900 293.353
 26000 293.374
 26100 293.397
 26200 293.421
 26300 293.447
 26400 293.474
 26500 293.503
 26600 293.534
 26700 293.565
 26800 293.599
 26900 293.634
 27000 293.670
 27100 293.708
 27200 293.748
 27300 293.789
 27400 293.831
 27500 293.875
 27600 293.921
 27700 293.968
 27800 294.017
 27900 294.066
 28000 294.118
 28100 294.170
 28200 294.224
 28300 294.280
 28400 294.337
 28500 294.395
 28600 294.455
 28700 294.516
 28800 294.578
 28900 294.642
 29000 294.707
 29100 294.775
 29200 294.843
 29300 294.912
 29400 294.983
 29500 295.055
 29600 295.128
 29700 295.202
 29800 295.278
 29900 295.355
 30000 295.434
 30100 295.513
 30200 295.594
 30300 295.678
 30400 295.761
 30500 295.846
 30600 295.932
 30700 296.019
 30800 296.107
 30900 296.197
 31000 296.287
 31100 296.379
 31200 296.472
 31300 296.568
 31400 296.663
 31500 296.760
 31600 296.857
 31700 296.956
 31800 297.056
 31900 297.157
 32000 297.259
 32100 297.362
 32200 297.468
 32300 297.573
 32400 297.679
 32500 297.787
 32600 297.895
 32700 298.005
 32800 298.115
 32900 298.227
 33000 298.340
 33100 298.454
 33200 298.568
 33300 298.684
 33400 298.800
 33500 298.917
 33600 299.035
 33700 299.155
 33800 299.276
 33900 299.396
 34000 299.518
 34100 299.641
 34200 299.764
 34300 299.889
 34400 300.015
 34500 300.141
 34600 300.268
 34700 300.396
 34800 300.524
 34900 300.653
 35000 300.783
 35100 300.915
 35200 301.047
 35300 301.179
 35400 301.312
 35500 301.446
 35600 301.580
 35700 301.715
 35800 301.852
 35900 301.988
 36000 302.125
 36100 302.263
 36200 302.401
 36300 302.540
 36400 302.681
 36500 302.821
 36600 302.962
 36700 303.103
 36800 303.245
 36900 303.387
 37000 303.531
 37100 303.674
 37200 303.818
 37300 303.963
 37400 304.108
 37500 304.253
 37600 304.400
 37700 304.546
 37800 304.693
 37900 304.840
 38000 304.988
 38100 305.136
 38200 305.285
 38300 305.434
 38400 305.583
 38500 305.732
 38600 305.882
 38700 306.032
 38800 306.183
 38900 306.334
 39000 306.485
 39100 306.636
 39200 306.788
 39300 306.940
 39400 307.092
 39500 307.244
 39600 307.397
 39700 307.549
 39800 307.702
 39900 307.856
 40000 308.009
 40100 308.162
 40200 308.316
 40300 308.469
 40400 308.623
 40500 308.777
 40600 308.931
 40700 309.085
 40800 309.239
 40900 309.392
 41000 309.547
 41100 309.701
 41200 309.855
 41300 310.009
 41400 310.163
 41500 310.317
 41600 310.472
 41700 310.625
 41800 310.779
 41900 310.932
 42000 311.086
 42100 311.239
 42200 311.393
 42300 311.546
 42400 311.699
 42500 311.852
 42600 312.004
 42700 312.158
 42800 312.310
 42900 312.462
 43000 312.613
 43100 312.765
 43200 312.916
 43300 313.068
 43400 313.218
 43500 313.369
 43600 313.519
 43700 313.668
 43800 313.817
 43900 313.967
 44000 314.116
 44100 314.264
 44200 314.412
 44300 314.559
 44400 314.707
 44500 314.854
 44600 315.000
 44700 315.145
 44800 315.291
 44900 315.435
 45000 315.580
 45100 315.724
 45200 315.867
 45300 316.010
 45400 316.152
 45500 316.293
 45600 316.435
 45700 316.575
 45800 316.715
 45900 316.854
 46000 316.993
 46100 317.130
 46200 317.267
 46300 317.405
 46400 317.541
 46500 317.676
 46600 317.810
 46700 317.944
 46800 318.077
 46900 318.210
 47000 318.341
 47100 318.472
 47200 318.602
 47300 318.731
 47400 318.859
 47500 318.986
 47600 319.114
 47700 319.240
 47800 319.364
 47900 319.488
 48000 319.611
 48100 319.734
 48200 319.855
 48300 319.976
 48400 320.095
 48500 320.214
 48600 320.331
 48700 320.448
 48800 320.563
 48900 320.678
 49000 320.792
 49100 320.904
 49200 321.016
 49300 321.126
 49400 321.235
 49500 321.343
 49600 321.450
 49700 321.556
 49800 321.662
 49900 321.766
 50000 321.868
 50100 321.969
 50200 322.070
 50300 322.168
 50400 322.266
 50500 322.363
 50600 322.458
 50700 322.553
 50800 322.646
 50900 322.737
 51000 322.828
 51100 322.917
 51200 323.004
 51300 323.091
 51400 323.176
 51500 323.259
 51600 323.342
 51700 323.424
 51800 323.503
 51900 323.582
 52000 323.658
 52100 323.734
 52200 323.808
 52300 323.880
 52400 323.951
 52500 324.021
 52600 324.089
 52700 324.155
 52800 324.222
 52900 324.285
 53000 324.347
 53100 324.408
 53200 324.467
 53300 324.524
 53400 324.580
 53500 324.634
 53600 324.687
 53700 324.738
 53800 324.787
 53900 324.835
 54000 324.881
 54100 324.925
 54200 324.968
 54300 325.009
 54400 325.049
 54500 325.086
 54600 325.123
 54700 325.157
 54800 325.190
 54900 325.221
 55000 325.249
 55100 325.277
 55200 325.302
 55300 325.325
 55400 325.347
 55500 325.367
 55600 325.385
 55700 325.401
 55800 325.416
 55900 325.428
 56000 325.439
 56100 325.447
 56200 325.454
 56300 325.459
 56400 325.462
 56500 325.463
 56600 325.462
 56700 325.459
 56800 325.454
 56900 325.447
 57000 325.438
 57100 325.427
 57200 325.414
 57300 325.399
 57400 325.382
 57500 325.363
 57600 325.342
 57700 325.319
 57800 325.293
 57900 325.266
 58000 325.236
 58100 325.204
 58200 325.171
 58300 325.135
 58400 325.097
 58500 325.055
 58600 325.013
 58700 324.968
 58800 324.921
 58900 324.872
 59000 324.821
 59100 324.768
 59200 324.712
 59300 324.654
 59400 324.594
 59500 324.531
 59600 324.466
 59700 324.399
 59800 324.330
 59900 324.258
 60000 324.183
 60100 324.107
 60200 324.028
 60300 323.947
 60400 323.864
 60500 323.778
 60600 323.690
 60700 323.600
 60800 323.507
 60900 323.412
 61000 323.313
 61100 323.213
 61200 323.110
 61300 323.005
 61400 322.898
 61500 322.788
 61600 322.676
 61700 322.561
 61800 322.443
 61900 322.323
 62000 322.201
 62100 322.076
 62200 321.949
 62300 321.819
 62400 321.687
 62500 321.551
 62600 321.413
 62700 321.273
 62800 321.131
 62900 320.986
 63000 320.838
 63100 320.687
 63200 320.534
 63300 320.378
 63400 320.220
 63500 320.060
 63600 319.896
 63700 319.730
 63800 319.561
 63900 319.390
 64000 319.216
 64100 319.040
 64200 318.860
 64300 318.678
 64400 318.493
 64500 318.306
 64600 318.115
 64700 317.923
 64800 317.728
 64900 317.530
 65000 317.329
 65100 317.125
 65200 316.919
 65300 316.710
 65400 316.499
 65500 316.284
 65600 316.067
 65700 315.847
 65800 315.625
 65900 315.399
 66000 315.171
 66100 314.940
 66200 314.707
 66300 314.470
 66400 314.231
 66500 313.990
 66600 313.744
 66700 313.497
 66800 313.247
 66900 312.994
 67000 312.738
 67100 312.480
 67200 312.219
 67300 311.954
 67400 311.688
 67500 311.418
 67600 311.145
 67700 310.870
 67800 310.593
 67900 310.311
 68000 310.028
 68100 309.742
 68200 309.452
 68300 309.160
 68400 308.866
 68500 308.568
 68600 308.268
 68700 307.965
 68800 307.659
 68900 307.350
 69000 307.039
 69100 306.725
 69200 306.408
 69300 306.089
 69400 305.765
 69500 305.441
 69600 305.112
 69700 304.781
 69800 304.448
 69900 304.111
 70000 303.773
 70100 303.430
 70200 303.086
 70300 302.739
 70400 302.389
 70500 302.036
 70600 301.680
 70700 301.323
 70800 300.962
 70900 300.598
 71000 300.232
 71100 299.863
 71200 299.492
 71300 299.117
 71400 298.740
 71500 298.361
 71600 297.978
 71700 297.594
 71800 297.206
 71900 296.816
 72000 296.423
 72100 296.028
 72200 295.630
 72300 295.230
 72400 294.827
 72500 294.421
 72600 294.013
 72700 293.602
 72800 293.189
 72900 292.773
 73000 292.356
 73100 291.934
 73200 291.512
 73300 291.086
 73400 290.658
 73500 290.227
 73600 289.795
 73700 289.359
 73800 288.922
 73900 288.482
 74000 288.040
 74100 287.595
 74200 287.148
 74300 286.699
 74400 286.248
 74500 285.793
 74600 285.338
 74700 284.879
 74800 284.420
 74900 283.956
 75000 283.491
 75100 283.025
 75200 282.556
 75300 282.085
 75400 281.612
 75500 281.137
 75600 280.659
 75700 280.181
 75800 279.699
 75900 279.217
 76000 278.731
 76100 278.244
 76200 277.756
 76300 277.264
 76400 276.773
 76500 276.278
 76600 275.782
 76700 275.284
 76800 274.784
 76900 274.284
 77000 273.781
 77100 273.277
 77200 272.771
 77300 272.263
 77400 271.754
 77500 271.243
 77600 270.732
 77700 270.218
 77800 269.704
 77900 269.187
 78000 268.669
 78100 268.151
 78200 267.630
 78300 267.110
 78400 266.587
 78500 266.063
 78600 265.539
 78700 265.012
 78800 264.486
 78900 263.958
 79000 263.429
 79100 262.900
 79200 262.369
 79300 261.837
 79400 261.305
 79500 260.772
 79600 260.239
 79700 259.704
 79800 259.169
 79900 258.634
 80000 258.098
 80100 257.562
 80200 257.025
 80300 256.487
 80400 255.950
 80500 255.412
 80600 254.873
 80700 254.335
 80800 253.796
 80900 253.258
 81000 252.719
 81100 252.180
 81200 251.642
 81300 251.103
 81400 250.564
 81500 250.027
 81600 249.489
 81700 248.952
 81800 248.414
 81900 247.877
 82000 247.341
 82100 246.805
 82200 246.270
 82300 245.736
 82400 245.202
 82500 244.669
 82600 244.137
 82700 243.605
 82800 243.076
 82900 242.546
 83000 242.018
 83100 241.491
 83200 240.965
 83300 240.441
 83400 239.917
 83500 239.396
 83600 238.875
 83700 238.355
 83800 237.839
 83900 237.322
 84000 236.809
 84100 236.296
 84200 235.786
 84300 235.278
 84400 234.771
 84500 234.267
 84600 233.764
 84700 233.263
 84800 232.766
 84900 232.270
 85000 231.777
 85100 231.286
 85200 230.798
 85300 230.312
 85400 229.829
 85500 229.349
 85600 228.871
 85700 228.397
 85800 227.925
 85900 227.457
 86000 226.991
 86100 226.529
 86200 226.069
 86300 225.614
 86400 225.161
 86500 224.712
 86600 224.266
 86700 223.824
 86800 223.386
 86900 222.952
 87000 222.521
 87100 222.095
 87200 221.671
 87300 221.253
 87400 220.838
 87500 220.428
 87600 220.021
 87700 219.619
 87800 219.221
 87900 218.829
 88000 218.440
 88100 218.056
 88200 217.676
 88300 217.302
 88400 216.933
 88500 216.567
 88600 216.208
 88700 215.852
 88800 215.503
 88900 215.159
 89000 214.819
 89100 214.485
 89200 214.156
 89300 213.833
 89400 213.516
 89500 213.203
 89600 212.896
 89700 212.596
 89800 212.300
 89900 212.011
 90000 211.728
 90100 211.450
 90200 211.179
 90300 210.914
 90400 210.654
 90500 210.401
 90600 210.154
 90700 209.913
 90800 209.679
 90900 209.451
 91000 209.230
 91100 209.014
 91200 208.806
 91300 208.605
 91400 208.410
 91500 208.221
 91600 208.039
 91700 207.865
 91800 207.697
 91900 207.536
 92000 207.382
 92100 207.234
 92200 207.094
 92300 206.961
 92400 206.835
 92500 206.716
 92600 206.604
 92700 206.499
 92800 206.401
 92900 206.311
 93000 206.228
 93100 206.152
 93200 206.084
 93300 206.023
 93400 205.969
 93500 205.923
 93600 205.884
 93700 205.853
 93800 205.829
 93900 205.812
 94000 205.803
 94100 205.801
 94200 205.807
 94300 205.821
 94400 205.841
 94500 205.870
 94600 205.905
 94700 205.949
 94800 206.000
 94900 206.058
 95000 206.124
 95100 206.197
 95200 206.278
 95300 206.366
 95400 206.462
 95500 206.566
 95600 206.677
 95700 206.795
 95800 206.921
 95900 207.054
 96000 207.194
 96100 207.343
 96200 207.498
 96300 207.661
 96400 207.831
 96500 208.008
 96600 208.192
 96700 208.385
 96800 208.584
 96900 208.790
 97000 209.003
 97100 209.225
 97200 209.452
 97300 209.687
 97400 209.929
 97500 210.178
 97600 210.433
 97700 210.696
 97800 210.966
 97900 211.242
 98000 211.525
 98100 211.816
 98200 212.112
 98300 212.415
 98400 212.726
 98500 213.042
 98600 213.365
 98700 213.695
 98800 214.031
 98900 214.374
 99000 214.722
 99100 215.077
 99200 215.439
 99300 215.806
 99400 216.180
 99500 216.559
 99600 216.945
 99700 217.336
 99800 217.734
 99900 218.138
100000 218.546
100100 218.962
100200 219.382
100300 219.809
100400 220.240
100500 220.678
100600 221.120
100700 221.569
100800 222.022
100900 222.481
101000 222.945
101100 223.414
101200 223.888
101300 224.367
101400 224.852
101500 225.340
101600 225.834
101700 226.333
101800 226.836
101900 227.345
102000 227.857
102100 228.375
102200 228.896
102300 229.422
102400 229.953
102500 230.487
102600 231.027
102700 231.570
102800 232.117
102900 232.668
103000 233.223
103100 233.783
103200 234.346
103300 234.912
103400 235.483
103500 236.058
103600 236.635
103700 237.217
103800 237.802
103900 238.390
104000 238.982
104100 239.577
104200 240.175
104300 240.777
104400 241.382
104500 241.990
104600 242.601
104700 243.215
104800 243.832
104900 244.451
105000 245.074
105100 245.699
105200 246.327
105300 246.957
105400 247.591
105500 248.227
105600 248.864
105700 249.505
105800 250.149
105900 250.794
106000 251.441
106100 252.091
106200 252.744
106300 253.398
106400 254.054
106500 254.712
106600 255.373
106700 256.035
106800 256.700
106900 257.365
107000 258.033
107100 258.703
107200 259.374
107300 260.046
107400 260.721
107500 261.397
107600 262.075
107700 262.753
107800 263.433
107900 264.115
108000 264.799
108100 265.483
108200 266.168
108300 266.855
108400 267.543
108500 268.233
108600 268.923
108700 269.614
108800 270.306
108900 271.000
109000 271.694
109100 272.389
109200 273.085
109300 273.781
109400 274.479
109500 275.178
109600 275.877
109700 276.576
109800 277.276
109900 277.977
110000 278.679
110100 279.381
110200 280.084
110300 280.786
110400 281.490
110500 282.194
110600 282.898
110700 283.603
110800 284.307
110900 285.013
111000 285.718
111100 286.424
111200 287.130
111300 287.835
111400 288.541
111500 289.248
111600 289.954
111700 290.661
111800 291.368
111900 292.073
112000 292.780
112100 293.486
112200 294.193
112300 294.899
112400 295.604
112500 296.310
112600 297.016
112700 297.722
112800 298.427
112900 299.132
113000 299.836
113100 300.541
113200 301.245
113300 301.949
113400 302.653
113500 303.355
113600 304.058
113700 304.760
113800 305.462
113900 306.163
114000 306.864
114100 307.564
114200 308.264
114300 308.964
114400 309.662
114500 310.360
114600 311.058
114700 311.755
114800 312.451
114900 313.147
115000 313.841
115100 314.536
115200 315.230
115300 315.923
115400 316.615
115500 317.307
115600 317.997
115700 318.687
115800 319.376
115900 320.065
116000 320.753
116100 321.439
116200 322.125
116300 322.810
116400 323.495
116500 324.177
116600 324.860
116700 325.542
116800 326.222
116900 326.902
117000 327.580
117100 328.258
117200 328.935
117300 329.612
117400 330.287
117500 330.960
117600 331.633
117700 332.305
117800 332.976
117900 333.645
118000 334.314
118100 334.982
118200 335.649
118300 336.314
118400 336.979
118500 337.642
118600 338.305
118700 338.966
118800 339.626
118900 340.285
119000 340.943
119100 341.600
119200 342.255
119300 342.910
119400 343.563
119500 344.216
119600 344.866
119700 345.516
119800 346.165
119900 346.813
120000 347.458
120100 348.103
120200 348.747
120300 349.390
120400 350.031
120500 350.671
120600 351.311
120700 351.948
120800 352.584
120900 353.220
121000 353.854
121100 354.486
121200 355.118
121300 355.748
121400 356.377
121500 357.004
121600 357.631
121700 358.256
121800 358.880
121900 359.502
122000 360.124
122100 360.744
122200 361.362
122300 361.979
122400 362.596
122500 363.211
122600 363.824
122700 364.436
122800 365.047
122900 365.656
123000 366.264
123100 366.871
123200 367.476
123300 368.081
123400 368.684
123500 369.286
123600 369.885
123700 370.484
123800 371.082
123900 371.678
124000 372.273
124100 372.867
124200 373.458
124300 374.050
124400 374.639
124500 375.227
124600 375.814
124700 376.400
124800 376.983
124900 377.566
125000 378.148
125100 378.727
125200 379.306
125300 379.884
125400 380.460
125500 381.035
125600 381.608
125700 382.180
125800 382.750
125900 383.320
126000 383.887
126100 384.454
126200 385.020
126300 385.583
126400 386.146
126500 386.707
126600 387.266
126700 387.825
126800 388.383
126900 388.938
127000 389.493
127100 390.046
127200 390.597
127300 391.148
127400 391.696
127500 392.244
127600 392.791
127700 393.335
127800 393.879
127900 394.422
128000 394.962
128100 395.502
128200 396.040
128300 396.577
128400 397.113
128500 397.647
128600 398.180
128700 398.712
128800 399.242
128900 399.771
129000 400.298
129100 400.825
129200 401.350
129300 401.873
129400 402.396
129500 402.916
129600 403.436
129700 403.955
129800 404.471
129900 404.987
130000 405.501
130100 406.015
130200 406.527
130300 407.037
130400 407.546
130500 408.053
130600 408.560
130700 409.066
130800 409.569
130900 410.073
131000 410.573
131100 411.074
131200 411.572
131300 412.070
131400 412.567
131500 413.061
131600 413.555
131700 414.047
131800 414.538
131900 415.028
132000 415.517
132100 416.003
132200 416.490
132300 416.975
132400 417.458
132500 417.941
132600 418.421
132700 418.901
132800 419.379
132900 419.857
133000 420.333
133100 420.807
133200 421.281
133300 421.753
133400 422.224
133500 422.694
133600 423.163
133700 423.629
133800 424.096
133900 424.560
134000 425.024
134100 425.486
134200 425.948
134300 426.408
134400 426.866
134500 427.324
134600 427.780
134700 428.236
134800 428.689
134900 429.143
135000 429.594
135100 430.044
135200 430.493
135300 430.942
135400 431.388
135500 431.834
135600 432.278
135700 432.722
135800 433.163
135900 433.605
136000 434.044
136100 434.483
136200 434.920
136300 435.356
136400 435.791
136500 436.226
136600 436.658
136700 437.090
136800 437.520
136900 437.950
137000 438.378
137100 438.805
137200 439.231
137300 439.656
137400 440.079
137500 440.502
137600 440.923
137700 441.344
137800 441.763
137900 442.181
138000 442.598
138100 443.014
138200 443.428
138300 443.843
138400 444.255
138500 444.667
138600 445.077
138700 445.486
138800 445.894
138900 446.302
139000 446.707
139100 447.112
139200 447.516
139300 447.918
139400 448.321
139500 448.721
139600 449.121
139700 449.519
139800 449.917
139900 450.313
140000 450.709
140100 451.103
140200 451.497
140300 451.888
140400 452.279
140500 452.670
140600 453.058
140700 453.447
140800 453.834
140900 454.220
141000 454.605
141100 454.989
141200 455.372
141300 455.753
141400 456.135
141500 456.514
141600 456.894
141700 457.271
141800 457.649
141900 458.024
142000 458.399
142100 458.773
142200 459.146
142300 459.518
142400 459.889
142500 460.259
142600 460.628
142700 460.995
142800 461.363
142900 461.728
143000 462.094
143100 462.458
143200 462.822
143300 463.183
143400 463.544
143500 463.905
143600 464.264
143700 464.623
143800 464.980
143900 465.337
144000 465.692
144100 466.047
144200 466.401
144300 466.753
144400 467.106
144500 467.456
144600 467.806
144700 468.155
144800 468.503
144900 468.851
145000 469.197
145100 469.542
145200 469.887
145300 470.230
145400 470.574
145500 470.915
145600 471.256
145700 471.596
145800 471.935
145900 472.274
146000 472.611
146100 472.947
146200 473.283
146300 473.618
146400 473.951
146500 474.285
146600 474.616
146700 474.948
146800 475.278
146900 475.607
147000 475.937
147100 476.264
147200 476.591
147300 476.917
147400 477.242
147500 477.567
147600 477.890
147700 478.213
147800 478.535
147900 478.856
148000 479.176
148100 479.496
148200 479.814
148300 480.132
148400 480.449
148500 480.765
148600 481.080
148700 481.395
148800 481.708
148900 482.021
149000 482.333
149100 482.645
149200 482.955
149300 483.264
149400 483.574
149500 483.881
149600 484.188
149700 484.495
149800 484.801
149900 485.105
150000 485.410
150100 485.713
150200 486.015
150300 486.317
150400 486.618
150500 486.918
150600 487.218
150700 487.516
150800 487.814
150900 488.111
151000 488.408
151100 488.704
151200 488.998
151300 489.292
151400 489.586
151500 489.878
151600 490.170
151700 490.462
151800 490.752
151900 491.041
152000 491.331
152100 491.619
152200 491.906
152300 492.193
152400 492.479
152500 492.764
152600 493.049
152700 493.332
152800 493.615
152900 493.898
153000 494.180
153100 494.460
153200 494.740
153300 495.020
153400 495.299
153500 495.577
153600 495.855
153700 496.131
153800 496.407
153900 496.683
154000 496.957
154100 497.231
154200 497.505
154300 497.777
154400 498.049
154500 498.321
154600 498.591
154700 498.861
154800 499.130
154900 499.399
155000 499.666
155100 499.933
155200 500.200
155300 500.466
155400 500.731
155500 500.996
155600 501.260
155700 501.523
155800 501.786
155900 502.047
156000 502.308
156100 502.570
156200 502.829
156300 503.088
156400 503.347
156500 503.606
156600 503.863
156700 504.119
156800 504.376
156900 504.631
157000 504.886
157100 505.140
157200 505.394
157300 505.647
157400 505.899
157500 506.151
157600 506.402
157700 506.652
157800 506.903
157900 507.152
158000 507.400
158100 507.648
158200 507.896
158300 508.143
158400 508.389
158500 508.635
158600 508.880
158700 509.124
158800 509.368
158900 509.612
159000 509.854
159100 510.096
159200 510.337
159300 510.579
159400 510.819
159500 511.058
159600 511.298
159700 511.537
159800 511.774
159900 512.011
160000 512.249
160100 512.485
160200 512.720
160300 512.955
160400 513.191
160500 513.424
160600 513.657
160700 513.891
160800 514.123
160900 514.355
161000 514.586
161100 514.817
161200 515.047
161300 515.276
161400 515.505
161500 515.734
161600 515.962
161700 516.189
161800 516.416
161900 516.642
162000 516.868
162100 517.093
162200 517.318
162300 517.542
162400 517.765
162500 517.988
162600 518.211
162700 518.433
162800 518.654
162900 518.875
163000 519.096
163100 519.316
163200 519.535
163300 519.754
163400 519.973
163500 520.190
163600 520.407
163700 520.624
163800 520.841
163900 521.056
164000 521.271
164100 521.486
164200 521.701
164300 521.915
164400 522.128
164500 522.340
164600 522.553
164700 522.765
164800 522.976
164900 523.186
165000 523.397
165100 523.607
165200 523.816
165300 524.024
165400 524.233
165500 524.441
165600 524.648
165700 524.855
165800 525.061
165900 525.268
166000 525.473
166100 525.678
166200 525.882
166300 526.087
166400 526.290
166500 526.493
166600 526.695
166700 526.898
166800 527.099
166900 527.300
167000 527.501
167100 527.702
167200 527.901
167300 528.101
167400 528.299
167500 528.497
167600 528.696
167700 528.894
167800 529.090
167900 529.287
168000 529.484
168100 529.679
168200 529.874
168300 530.069
168400 530.263
168500 530.458
168600 530.651
168700 530.844
168800 531.036
168900 531.229
169000 531.421
169100 531.612
169200 531.802
169300 531.993
169400 532.184
169500 532.373
169600 532.562
169700 532.750
169800 532.939
169900 533.127
170000 533.314
170100 533.501
170200 533.687
170300 533.874
170400 534.060
170500 534.245
170600 534.430
170700 534.615
170800 534.799
170900 534.983
171000 535.166
171100 535.348
171200 535.532
171300 535.713
171400 535.895
171500 536.076
171600 536.256
171700 536.438
171800 536.618
171900 536.797
172000 536.976
172100 537.155
172200 537.334
172300 537.512
172400 537.689
172500 537.866
172600 538.043
172700 538.220
172800 538.396
172900 538.571
173000 538.746
173100 538.922
173200 539.097
173300 539.270
173400 539.444
173500 539.617
173600 539.791
173700 539.963
173800 540.135
173900 540.307
174000 540.478
174100 540.650
174200 540.821
174300 540.991
174400 541.161
174500 541.330
174600 541.499
174700 541.669
174800 541.837
174900 542.005
175000 542.173
175100 542.340
175200 542.508
175300 542.674
175400 542.840
175500 543.006
175600 543.172
175700 543.338
175800 543.502
175900 543.667
176000 543.831
176100 543.994
176200 544.158
176300 544.321
176400 544.484
176500 544.646
176600 544.808
176700 544.970
176800 545.132
176900 545.293
177000 545.453
177100 545.613
177200 545.773
177300 545.933
177400 546.092
177500 546.251
177600 546.410
177700 546.568
177800 546.726
177900 546.884
178000 547.041
178100 547.198
178200 547.354
178300 547.510
178400 547.667
178500 547.822
178600 547.977
178700 548.132
178800 548.287
178900 548.442
179000 548.596
179100 548.749
179200 548.902
179300 549.055
179400 549.207
179500 549.361
179600 549.512
179700 549.664
179800 549.815
179900 549.966
180000 550.116
180100 550.268
180200 550.418
180300 550.567
180400 550.717
180500 550.866
180600 551.014
180700 551.164
180800 551.312
180900 551.459
181000 551.607
181100 551.754
181200 551.901
181300 552.048
181400 552.195
181500 552.340
181600 552.486
181700 552.631
181800 552.777
181900 552.922
182000 553.066
182100 553.211
182200 553.354
182300 553.498
182400 553.642
182500 553.785
182600 553.928
182700 554.070
182800 554.212
182900 554.354
183000 554.495
183100 554.637
183200 554.778
183300 554.919
183400 555.059
183500 555.199
183600 555.339
183700 555.479
183800 555.618
183900 555.757
184000 555.896
184100 556.034
184200 556.172
184300 556.311
184400 556.448
184500 556.585
184600 556.722
184700 556.859
184800 556.995
184900 557.132
185000 557.268
185100 557.404
185200 557.539
185300 557.674
185400 557.808
185500 557.943
185600 558.078
185700 558.212
185800 558.345
185900 558.479
186000 558.612
186100 558.745
186200 558.878
186300 559.010
186400 559.142
186500 559.274
186600 559.405
186700 559.537
186800 559.668
186900 559.799
187000 559.930
187100 560.060
187200 560.190
187300 560.319
187400 560.449
187500 560.579
187600 560.708
187700 560.836
187800 560.965
187900 561.093
188000 561.221
188100 561.348
188200 561.476
188300 561.603
188400 561.730
188500 561.857
188600 561.983
188700 562.109
188800 562.235
188900 562.362
189000 562.487
189100 562.612
189200 562.737
189300 562.861
189400 562.986
189500 563.110
189600 563.235
189700 563.358
189800 563.482
189900 563.605
190000 563.728
190100 563.850
190200 563.973
190300 564.096
190400 564.218
190500 564.339
190600 564.461
190700 564.582
190800 564.703
190900 564.824
191000 564.945
191100 565.066
191200 565.186
191300 565.305
191400 565.425
191500 565.544
191600 565.663
191700 565.783
191800 565.902
191900 566.020
192000 566.138
192100 566.256
192200 566.374
192300 566.492
192400 566.609
192500 566.727
192600 566.844
192700 566.960
192800 567.077
192900 567.193
193000 567.309
193100 567.424
193200 567.541
193300 567.656
193400 567.771
193500 567.886
193600 568.001
193700 568.115
193800 568.229
193900 568.343
194000 568.458
194100 568.571
194200 568.684
194300 568.798
194400 568.910
194500 569.023
194600 569.135
194700 569.249
194800 569.361
194900 569.472
195000 569.584
195100 569.695
195200 569.807
195300 569.917
195400 570.028
195500 570.140
195600 570.250
195700 570.360
195800 570.470
195900 570.580
196000 570.689
196100 570.798
196200 570.907
196300 571.017
196400 571.126
196500 571.234
196600 571.343
196700 571.451
196800 571.559
196900 571.666
197000 571.774
197100 571.882
197200 571.989
197300 572.096
197400 572.202
197500 572.309
197600 572.415
197700 572.521
197800 572.627
197900 572.734
198000 572.839
198100 572.944
198200 573.049
198300 573.154
198400 573.259
198500 573.363
198600 573.468
198700 573.573
198800 573.677
198900 573.780
199000 573.884
199100 573.987
199200 574.090
199300 574.193
199400 574.296
199500 574.399
199600 574.502
199700 574.604
199800 574.706
199900 574.808
200000 574.910
