          3.430      -Infinity      -Infinity
          6.860          7.647          5.407
         10.290          3.163          2.237
         13.720          0.418          0.295
         17.150         -1.717         -1.214
         20.580         -3.571         -2.525
         24.010         -5.063         -3.580
         27.440         -6.334         -4.479
         30.870         -7.498         -5.302
         34.300         -8.528         -6.030
         37.730         -9.429         -6.668
         41.160        -10.259         -7.254
         44.590        -11.032         -7.801
         48.020        -11.734         -8.297
         51.450        -12.377         -8.752
         54.880        -12.984         -9.181
         58.310        -13.556         -9.586
         61.740        -14.087         -9.961
         65.170        -14.585        -10.313
         68.600        -15.062        -10.650
         72.030        -15.514        -10.970
         75.460        -15.940        -11.272
         78.890        -16.346        -11.559
         82.320        -16.737        -11.835
         85.750        -17.112        -12.100
         89.180        -17.468        -12.351
         92.610        -17.810        -12.593
         96.040        -18.141        -12.828
         99.470        -18.460        -13.053
        102.900        -18.766        -13.269
        106.330        -19.061        -13.479
        109.760        -19.349        -13.682
        113.190        -19.627        -13.878
        116.620        -19.895        -14.068
        120.050        -20.155        -14.252
        123.480        -20.409        -14.431
        126.910        -20.655        -14.605
        130.340        -20.893        -14.774
        133.770        -21.126        -14.938
        137.200        -21.353        -15.099
        140.630        -21.574        -15.255
        144.060        -21.788        -15.407
        147.490        -21.998        -15.555
        150.920        -22.204        -15.701
        154.350        -22.404        -15.842
        157.780        -22.600        -15.980
        161.210        -22.791        -16.116
        164.640        -22.979        -16.249
        168.070        -23.162        -16.378
        171.500        -23.341        -16.505
        174.930        -23.518        -16.630
        178.360        -23.691        -16.752
        181.790        -23.859        -16.871
        185.220        -24.025        -16.988
        188.650        -24.188        -17.103
        192.080        -24.348        -17.217
        195.510        -24.505        -17.327
        198.940        -24.658        -17.436
        202.370        -24.810        -17.543
        205.800        -24.959        -17.649
        209.230        -25.105        -17.752
        212.660        -25.248        -17.853
        216.090        -25.390        -17.954
        219.520        -25.530        -18.052
        222.950        -25.666        -18.149
        226.380        -25.801        -18.244
        229.810        -25.934        -18.338
        233.240        -26.065        -18.431
        236.670        -26.194        -18.522
        240.100        -26.321        -18.612
        243.530        -26.446        -18.700
        246.960        -26.570        -18.788
        250.390        -26.691        -18.873
        253.820        -26.811        -18.958
        257.250        -26.930        -19.042
        260.680        -27.046        -19.125
        264.110        -27.161        -19.206
        267.540        -27.275        -19.286
        270.970        -27.387        -19.366
        274.400        -27.498        -19.444
        277.830        -27.607        -19.521
        281.260        -27.715        -19.598
        284.690        -27.822        -19.673
        288.120        -27.928        -19.748
        291.550        -28.031        -19.821
        294.980        -28.134        -19.894
        298.410        -28.236        -19.966
        301.840        -28.337        -20.037
        305.270        -28.436        -20.107
        308.700        -28.534        -20.177
        312.130        -28.632        -20.246
        315.560        -28.727        -20.313
        318.990        -28.822        -20.380
        322.420        -28.916        -20.447
        325.850        -29.010        -20.513
        329.280        -29.101        -20.578
        332.710        -29.192        -20.642
        336.140        -29.283        -20.706
        339.570        -29.372        -20.769
        343.000        -29.460        -20.831
        346.430        -29.547        -20.893
        349.860        -29.634        -20.954
        353.290        -29.719        -21.015
        356.720        -29.804        -21.075
        360.150        -29.888        -21.134
        363.580        -29.971        -21.193
        367.010        -30.053        -21.251
        370.440        -30.135        -21.308
        373.870        -30.215        -21.365
        377.300        -30.295        -21.422
        380.730        -30.374        -21.478
        384.160        -30.452        -21.533
        387.590        -30.529        -21.588
        391.020        -30.606        -21.642
        394.450        -30.682        -21.695
        397.880        -30.756        -21.748
        401.310        -30.830        -21.800
        404.740        -30.902        -21.851
        408.170        -30.974        -21.902
        411.600        -31.044        -21.951
        415.030        -31.112        -22.000
        418.460        -31.180        -22.048
        421.890        -31.246        -22.094
        425.320        -31.310        -22.139
        428.750        -31.372        -22.183
        432.180        -31.432        -22.225
        435.610        -31.489        -22.266
        439.040        -31.543        -22.304
        442.470        -31.595        -22.341
        445.900        -31.643        -22.375
        449.330        -31.686        -22.406
        452.760        -31.726        -22.434
        456.190        -31.760        -22.458
        459.620        -31.790        -22.479
        463.050        -31.812        -22.495
        466.480        -31.828        -22.506
        469.910        -31.836        -22.511
        473.340        -31.835        -22.511
        476.770        -31.825        -22.503
        480.200        -31.803        -22.488
        483.630        -31.770        -22.465
        487.060        -31.724        -22.432
        490.490        -31.662        -22.388
        493.920        -31.584        -22.333
        497.350        -31.488        -22.265
        500.780        -31.372        -22.183
        504.210        -31.233        -22.085
        507.640        -31.070        -21.970
        511.070        -30.879        -21.835
        514.500        -30.659        -21.679
        517.930        -30.405        -21.499
        521.360        -30.112        -21.293
        524.790        -29.782        -21.059
        528.220        -29.400        -20.789
        531.650        -28.971        -20.486
        535.080        -28.479        -20.137
        538.510        -27.920        -19.742
        541.940        -27.280        -19.290
        545.370        -26.524        -18.755
        548.800        -25.969        -18.363
        552.230        -24.351        -17.219
        555.660        -20.186        -14.274
        559.090        -20.481        -14.482
        562.520        -32.779        -23.179
        565.950        -25.742        -18.202
        569.380        -36.175        -25.580
        572.810        -26.866        -18.997
        576.240        -30.127        -21.303
        579.670        -27.963        -19.773
        583.100        -26.008        -18.390
        586.530        -29.580        -20.916
        589.960        -23.078        -16.319
        593.390        -21.879        -15.471
        596.820        -24.437        -17.280
        600.250        -26.258        -18.567
        603.680        -31.608        -22.350
        607.110        -25.346        -17.922
        610.540        -28.267        -19.988
        613.970        -22.143        -15.658
        617.400        -24.086        -17.031
        620.830        -29.988        -21.204
        624.260        -27.021        -19.107
        627.690        -27.246        -19.266
        631.120        -21.305        -15.065
        634.550        -31.321        -22.148
        637.980        -26.354        -18.635
        641.410        -23.500        -16.617
        644.840        -26.662        -18.853
        648.270        -24.669        -17.443
        651.700        -23.731        -16.780
        655.130        -23.351        -16.512
        658.560        -24.280        -17.168
        661.990        -29.511        -20.868
        665.420        -21.973        -15.537
        668.850        -29.901        -21.143
        672.280        -23.124        -16.351
        675.710        -27.911        -19.736
        679.140        -24.678        -17.450
        682.570        -24.863        -17.581
        686.000        -28.608        -20.229
        689.430        -22.641        -16.009
        692.860        -30.489        -21.559
        696.290        -22.753        -16.089
        699.720        -29.430        -20.810
        703.150        -22.980        -16.249
        706.580        -28.743        -20.325
        710.010        -24.038        -16.997
        713.440        -25.941        -18.343
        716.870        -25.576        -18.085
        720.300        -25.440        -17.989
        723.730        -22.808        -16.127
        727.160        -30.530        -21.588
        730.590        -21.470        -15.182
        734.020        -30.024        -21.230
        737.450        -23.520        -16.631
        740.880        -25.234        -17.843
        744.310        -25.938        -18.341
        747.740        -25.899        -18.313
        751.170        -24.000        -16.970
        754.600        -27.780        -19.643
        758.030        -23.856        -16.868
        761.460        -24.555        -17.363
        764.890        -27.168        -19.210
        768.320        -22.535        -15.934
        771.750        -30.110        -21.291
        775.180        -22.982        -16.251
        778.610        -26.351        -18.633
        782.040        -25.214        -17.829
        785.470        -24.147        -17.074
        788.900        -27.393        -19.370
        792.330        -23.874        -16.882
        795.760        -27.161        -19.206
        799.190        -24.444        -17.285
        802.620        -26.320        -18.611
        806.050        -24.957        -17.647
        809.480        -25.606        -18.106
        812.910        -25.825        -18.261
        816.340        -24.423        -17.270
        819.770        -27.524        -19.462
        823.200        -23.712        -16.767
        826.630        -27.315        -19.315
        830.060        -24.631        -17.417
        833.490        -24.724        -17.482
        836.920        -27.434        -19.399
        840.350        -23.345        -16.507
        843.780        -28.366        -20.058
        847.210        -24.068        -17.019
        850.640        -25.233        -17.842
        854.070        -26.896        -19.018
        857.500        -23.490        -16.610
        860.930        -28.559        -20.195
        864.360        -24.008        -16.976
        867.790        -25.720        -18.187
        871.220        -26.446        -18.700
        874.650        -24.008        -16.976
        878.080        -27.906        -19.732
        881.510        -24.389        -17.245
        884.940        -26.126        -18.474
        888.370        -25.946        -18.346
        891.800        -24.958        -17.648
        895.230        -26.767        -18.927
        898.660        -24.937        -17.633
        902.090        -26.603        -18.811
        905.520        -25.147        -17.782
        908.950        -26.246        -18.558
        912.380        -25.715        -18.183
        915.810        -25.167        -17.796
        919.240        -27.249        -19.268
        922.670        -24.280        -17.169
        926.100        -27.423        -19.391
        929.530        -25.112        -17.757
        932.960        -24.967        -17.654
        936.390        -27.971        -19.778
        939.820        -23.738        -16.785
        943.250        -27.956        -19.768
        946.680        -25.015        -17.688
        950.110        -24.722        -17.481
        953.540        -28.452        -20.118
        956.970        -23.681        -16.745
        960.400        -27.852        -19.695
        963.830        -25.256        -17.859
        967.260        -24.767        -17.513
        970.690        -28.339        -20.039
        974.120        -24.053        -17.008
        977.550        -27.534        -19.469
        980.980        -25.542        -18.061
        984.410        -25.183        -17.807
        987.840        -27.663        -19.560
        991.270        -24.676        -17.448
        994.700        -27.276        -19.287
        998.130        -25.616        -18.113
       1001.560        -25.885        -18.304
       1004.990        -26.794        -18.946
       1008.420        -25.331        -17.912
       1011.850        -27.134        -19.187
       1015.280        -25.448        -17.995
       1018.710        -26.714        -18.889
       1022.140        -26.034        -18.408
       1025.570        -25.866        -18.290
       1029.000        -27.061        -19.135
       1032.430        -25.193        -17.814
       1035.860        -27.496        -19.443
       1039.290        -25.486        -18.022
       1042.720        -26.257        -18.567
       1046.150        -26.993        -19.087
       1049.580        -25.004        -17.681
       1053.010        -28.106        -19.874
       1056.440        -25.142        -17.778
       1059.870        -26.576        -18.792
       1063.300        -26.885        -19.011
       1066.730        -24.949        -17.642
       1070.160        -28.490        -20.145
       1073.590        -24.953        -17.645
       1077.020        -26.889        -19.013
       1080.450        -26.728        -18.899
       1083.880        -25.026        -17.696
       1087.310        -28.654        -20.262
       1090.740        -24.878        -17.592
       1094.170        -27.212        -19.242
       1097.600        -26.545        -18.770
       1101.030        -25.213        -17.828
       1104.460        -28.628        -20.243
       1107.890        -24.898        -17.606
       1111.320        -27.518        -19.458
       1114.750        -26.372        -18.648
       1118.180        -25.487        -18.022
       1121.610        -28.440        -20.110
       1125.040        -25.016        -17.689
       1128.470        -27.761        -19.630
       1131.900        -26.235        -18.551
       1135.330        -25.845        -18.275
       1138.760        -28.113        -19.879
       1142.190        -25.242        -17.849
       1145.620        -27.899        -19.728
       1149.050        -26.137        -18.481
       1152.480        -26.288        -18.588
       1155.910        -27.674        -19.569
       1159.340        -25.579        -18.087
       1162.770        -27.916        -19.739
       1166.200        -26.059        -18.426
       1169.630        -26.817        -18.962
       1173.060        -27.159        -19.205
       1176.490        -26.009        -18.391
       1179.920        -27.819        -19.671
       1183.350        -25.974        -18.366
       1186.780        -27.417        -19.387
       1190.210        -26.619        -18.823
       1193.640        -26.496        -18.736
       1197.070        -27.646        -19.549
       1200.500        -25.866        -18.290
       1203.930        -28.052        -19.836
       1207.360        -26.114        -18.466
       1210.790        -26.981        -19.079
       1214.220        -27.446        -19.407
       1217.650        -25.745        -18.204
       1221.080        -28.657        -20.264
       1224.510        -25.702        -18.174
       1227.940        -27.406        -19.379
       1231.370        -27.268        -19.281
       1234.800        -25.646        -18.134
       1238.230        -29.146        -20.609
       1241.660        -25.429        -17.981
       1245.090        -27.732        -19.609
       1248.520        -27.146        -19.195
       1251.950        -25.621        -18.117
       1255.380        -29.426        -20.807
       1258.810        -25.327        -17.909
       1262.240        -27.952        -19.765
       1265.670        -27.084        -19.151
       1269.100        -25.719        -18.186
       1272.530        -29.430        -20.810
       1275.960        -25.407        -17.965
       1279.390        -28.090        -19.863
       1282.820        -27.057        -19.132
       1286.250        -25.974        -18.367
       1289.680        -29.145        -20.609
       1293.110        -25.655        -18.141
       1296.540        -28.172        -19.920
       1299.970        -27.013        -19.101
       1303.400        -26.401        -18.668
       1306.830        -28.630        -20.244
       1310.260        -26.036        -18.410
       1313.690        -28.216        -19.952
       1317.120        -26.898        -19.020
       1320.550        -26.989        -19.084
       1323.980        -27.990        -19.792
       1327.410        -26.488        -18.730
       1330.840        -28.230        -19.962
       1334.270        -26.692        -18.874
       1337.700        -27.700        -19.587
       1341.130        -27.338        -19.331
       1344.560        -26.933        -19.045
       1347.990        -28.222        -19.956
       1351.420        -26.423        -18.684
       1354.850        -28.462        -20.126
       1358.280        -26.770        -18.929
       1361.710        -27.306        -19.308
       1365.140        -28.201        -19.941
       1368.570        -26.158        -18.497
       1372.000        -29.170        -20.627
       1375.430        -26.348        -18.631
       1378.860        -27.581        -19.503
       1382.290        -28.173        -19.922
       1385.720        -25.976        -18.368
       1389.150        -29.704        -21.004
       1392.580        -26.100        -18.456
       1396.010        -27.788        -19.649
       1399.440        -28.128        -19.890
       1402.870        -25.939        -18.341
       1406.300        -29.968        -21.190
       1409.730        -26.025        -18.402
       1413.160        -27.987        -19.790
       1416.590        -28.038        -19.826
       1420.020        -26.074        -18.437
       1423.450        -29.937        -21.169
       1426.880        -26.089        -18.447
       1430.310        -28.224        -19.958
       1433.740        -27.875        -19.711
       1437.170        -26.377        -18.652
       1440.600        -29.669        -20.979
       1444.030        -26.242        -18.556
       1447.460        -28.507        -20.158
       1450.890        -27.639        -19.544
       1454.320        -26.812        -18.959
       1457.750        -29.258        -20.689
       1461.180        -26.444        -18.699
       1464.610        -28.792        -20.359
       1468.040        -27.373        -19.356
       1471.470        -27.330        -19.325
       1474.900        -28.784        -20.354
       1478.330        -26.685        -18.869
       1481.760        -29.004        -20.509
       1485.190        -27.129        -19.183
       1488.620        -27.901        -19.729
       1492.050        -28.282        -19.998
       1495.480        -26.988        -19.083
       1498.910        -29.081        -20.563
       1502.340        -26.926        -19.040
       1505.770        -28.529        -20.173
       1509.200        -27.752        -19.624
       1512.630        -27.364        -19.349
       1516.060        -29.022        -20.522
       1519.490        -26.731        -18.902
       1522.920        -29.234        -20.671
       1526.350        -27.215        -19.244
       1529.780        -27.762        -19.631
       1533.210        -28.903        -20.437
       1536.640        -26.506        -18.742
       1540.070        -29.984        -21.202
       1543.500        -26.744        -18.911
       1546.930        -28.068        -19.847
       1550.360        -28.834        -20.389
       1553.790        -26.277        -18.581
       1557.220        -30.634        -21.661
       1560.650        -26.458        -18.709
       1564.080        -28.195        -19.937
       1567.510        -28.881        -20.422
       1570.940        -26.163        -18.500
       1574.370        -30.913        -21.859
       1577.800        -26.459        -18.709
       1581.230        -28.203        -19.943
       1584.660        -28.981        -20.493
       1588.090        -26.316        -18.608
       1591.520        -30.622        -21.653
       1594.950        -26.764        -18.925
       1598.380        -28.265        -19.987
       1601.810        -28.904        -20.438
       1605.240        -26.836        -18.976
       1608.670        -29.867        -21.119
       1612.100        -27.246        -19.265
       1615.530        -28.535        -20.177
       1618.960        -28.428        -20.101
       1622.390        -27.718        -19.600
       1625.820        -28.978        -20.490
       1629.250        -27.616        -19.528
       1632.680        -29.061        -20.549
       1636.110        -27.637        -19.543
       1639.540        -28.787        -20.355
       1642.970        -28.244        -19.971
       1646.400        -27.641        -19.545
       1649.830        -29.771        -21.051
       1653.260        -26.863        -18.995
       1656.690        -29.703        -21.003
       1660.120        -27.808        -19.663
       1663.550        -27.412        -19.383
       1666.980        -30.465        -21.542
       1670.410        -26.373        -18.648
       1673.840        -30.186        -21.345
       1677.270        -27.673        -19.568
       1680.700        -27.229        -19.254
       1684.130        -30.861        -21.822
       1687.560        -26.259        -18.568
       1690.990        -30.281        -21.412
       1694.420        -27.734        -19.611
       1697.850        -27.309        -19.311
       1701.280        -30.747        -21.741
       1704.710        -26.486        -18.728
       1708.140        -30.205        -21.358
       1711.570        -27.832        -19.680
       1715.000        -27.706        -19.591
       1718.430        -30.163        -21.329
       1721.860        -26.956        -19.061
       1725.290        -30.074        -21.266
       1728.720        -27.838        -19.684
       1732.150        -28.373        -20.063
       1735.580        -29.334        -20.742
       1739.010        -27.563        -19.490
       1742.440        -29.885        -21.132
       1745.870        -27.710        -19.594
       1749.300        -29.224        -20.665
       1752.730        -28.474        -20.134
       1756.160        -28.208        -19.946
       1759.590        -29.621        -20.945
       1763.020        -27.494        -19.441
       1766.450        -30.139        -21.312
       1769.880        -27.727        -19.606
       1773.310        -28.810        -20.372
       1776.740        -29.309        -20.724
       1780.170        -27.282        -19.291
       1783.600        -30.952        -21.886
       1787.030        -27.176        -19.217
       1790.460        -29.332        -20.741
       1793.890        -28.992        -20.500
       1797.320        -27.177        -19.217
       1800.750        -31.481        -22.260
       1804.180        -26.856        -18.990
       1807.610        -29.772        -21.052
       1811.040        -28.721        -20.309
       1814.470        -27.235        -19.258
       1817.900        -31.610        -22.352
       1821.330        -26.787        -18.941
       1824.760        -30.087        -21.274
       1828.190        -28.566        -20.199
       1831.620        -27.497        -19.443
       1835.050        -31.268        -22.110
       1838.480        -27.039        -19.120
       1841.910        -30.170        -21.333
       1845.340        -28.544        -20.184
       1848.770        -28.068        -19.847
       1852.200        -30.373        -21.477
       1855.630        -27.706        -19.591
       1859.060        -29.995        -21.209
       1862.490        -28.439        -20.109
       1865.920        -29.124        -20.594
       1869.350        -29.030        -20.527
       1872.780        -28.671        -20.274
       1876.210        -29.715        -21.012
       1879.640        -27.898        -19.727
       1883.070        -30.739        -21.736
       1886.500        -27.704        -19.590
       1889.930        -29.355        -20.757
       1893.360        -29.605        -20.934
       1896.790        -27.071        -19.142
       1900.220        -32.484        -22.970
       1903.650        -26.928        -19.041
       1907.080        -29.295        -20.715
       1910.510        -29.862        -21.116
       1913.940        -26.608        -18.815
       1917.370        -33.088        -23.397
       1920.800        -26.989        -19.084
       1924.230        -29.041        -20.535
       1927.660        -30.213        -21.364
       1931.090        -26.996        -19.089
       1934.520        -31.902        -22.558
       1937.950        -27.782        -19.645
       1941.380        -29.258        -20.689
       1944.810        -29.746        -21.034
       1948.240        -28.339        -20.039
       1951.670        -30.080        -21.269
       1955.100        -28.615        -20.234
       1958.530        -29.999        -21.212
       1961.960        -28.392        -20.076
       1965.390        -30.253        -21.392
       1968.820        -28.659        -20.265
       1972.250        -28.724        -20.311
       1975.680        -30.844        -21.810
       1979.110        -27.255        -19.272
       1982.540        -31.766        -22.462
       1985.970        -27.964        -19.773
       1989.400        -28.565        -20.199
       1992.830        -31.181        -22.048
       1996.260        -26.958        -19.062
       1999.690        -32.246        -22.802
       2003.120        -27.823        -19.674
       2006.550        -28.969        -20.484
       2009.980        -30.585        -21.627
       2013.410        -27.425        -19.392
       2016.840        -32.032        -22.650
       2020.270        -27.793        -19.652
       2023.700        -29.990        -21.206
       2027.130        -29.510        -20.866
       2030.560        -28.219        -19.954
       2033.990        -31.391        -22.197
       2037.420        -27.833        -19.681
       2040.850        -30.872        -21.830
       2044.280        -28.797        -20.362
       2047.710        -29.190        -20.640
       2051.140        -30.246        -21.387
       2054.570        -28.490        -20.146
       2058.000        -30.771        -21.759
       2061.430        -28.440        -20.110
       2064.860        -30.784        -21.768
       2068.290        -28.549        -20.187
       2071.720        -29.807        -21.077
       2075.150        -29.955        -21.181
       2078.580        -27.744        -19.618
       2082.010        -33.037        -23.360
       2085.440        -27.127        -19.182
       2088.870        -30.535        -21.591
       2092.300        -29.540        -20.888
       2095.730        -27.152        -19.200
       2099.160        -34.157        -24.152
       2102.590        -27.018        -19.105
       2106.020        -30.354        -21.464
       2109.450        -29.908        -21.148
       2112.880        -27.848        -19.692
       2116.310        -31.997        -22.625
       2119.740        -28.456        -20.122
       2123.170        -30.190        -21.348
       2126.600        -29.519        -20.873
       2130.030        -30.168        -21.332
       2133.460        -28.999        -20.505
       2136.890        -30.231        -21.377
       2140.320        -29.872        -21.123
       2143.750        -28.133        -19.893
       2147.180        -32.958        -23.305
       2150.610        -27.350        -19.339
       2154.040        -31.002        -21.922
       2157.470        -29.411        -20.797
       2160.900        -27.683        -19.575
       2164.330        -33.674        -23.811
       2167.760        -27.118        -19.175
       2171.190        -31.653        -22.382
       2174.620        -29.026        -20.524
       2178.050        -28.519        -20.166
       2181.480        -32.040        -22.656
       2184.910        -27.941        -19.757
       2188.340        -31.668        -22.392
       2191.770        -28.961        -20.479
       2195.200        -30.187        -21.346
       2198.630        -29.760        -21.043
       2202.060        -29.893        -21.138
       2205.490        -30.073        -21.265
       2208.920        -29.062        -20.550
       2212.350        -31.735        -22.440
       2215.780        -27.903        -19.730
       2219.210        -32.415        -22.921
       2222.640        -28.491        -20.147
       2226.070        -29.270        -20.697
       2229.500        -31.569        -22.323
       2232.930        -27.528        -19.465
       2236.360        -33.492        -23.682
       2239.790        -27.988        -19.790
       2243.220        -30.667        -21.685
       2246.650        -29.915        -21.153
       2250.080        -28.684        -20.283
       2253.510        -32.187        -22.759
       2256.940        -28.057        -19.839
       2260.370        -32.295        -22.836
       2263.800        -28.797        -20.363
       2267.230        -30.247        -21.388
       2270.660        -30.383        -21.484
       2274.090        -29.432        -20.812
       2277.520        -30.711        -21.716
       2280.950        -29.506        -20.864
       2284.380        -31.270        -22.111
       2287.810        -28.313        -20.020
       2291.240        -33.391        -23.611
       2294.670        -27.863        -19.702
       2298.100        -30.064        -21.258
       2301.530        -30.967        -21.897
       2304.960        -26.941        -19.050
       2308.390        -36.073        -25.507
       2311.820        -27.411        -19.383
       2315.250        -30.159        -21.326
       2318.680        -31.106        -21.995
       2322.110        -28.426        -20.100
       2325.540        -31.688        -22.407
       2328.970        -30.013        -21.223
       2332.400        -30.111        -21.292
       2335.830        -29.621        -20.945
       2339.260        -32.418        -22.923
       2342.690        -27.774        -19.639
       2346.120        -32.796        -23.190
       2349.550        -28.878        -20.420
       2352.980        -28.517        -20.165
       2356.410        -33.503        -23.690
       2359.840        -27.319        -19.318
       2363.270        -33.689        -23.822
       2366.700        -28.627        -20.242
       2370.130        -30.501        -21.567
       2373.560        -30.485        -21.556
       2376.990        -29.536        -20.885
       2380.420        -31.418        -22.216
       2383.850        -29.096        -20.574
       2387.280        -32.219        -22.783
       2390.710        -28.835        -20.390
       2394.140        -32.215        -22.779
       2397.570        -29.112        -20.585
       2401.000        -31.452        -22.240
       2404.430        -29.619        -20.944
       2407.860        -30.230        -21.376
       2411.290        -31.052        -21.957
       2414.720        -28.363        -20.055
       2418.150        -34.421        -24.340
       2421.580        -27.538        -19.473
       2425.010        -33.127        -23.424
       2428.440        -29.005        -20.510
       2431.870        -29.396        -20.786
       2435.300        -32.282        -22.827
       2438.730        -28.718        -20.307
       2442.160        -32.036        -22.653
       2445.590        -30.012        -21.221
       2449.020        -30.985        -21.910
       2452.450        -29.482        -20.847
       2455.880        -33.227        -23.495
       2459.310        -27.952        -19.765
       2462.740        -33.077        -23.389
       2466.170        -28.945        -20.467
       2469.600        -28.707        -20.299
       2473.030        -33.678        -23.814
       2476.460        -27.374        -19.357
       2479.890        -34.506        -24.399
       2483.320        -28.908        -20.441
       2486.750        -30.888        -21.841
       2490.180        -30.694        -21.704
       2493.610        -31.052        -21.957
       2497.040        -29.688        -20.992
       2500.470        -31.935        -22.582
       2503.900        -29.767        -21.048
       2507.330        -29.605        -20.934
       2510.760        -32.635        -23.076
       2514.190        -27.876        -19.711
       2517.620        -35.408        -25.037
       2521.050        -28.051        -19.835
       2524.480        -32.529        -23.002
       2527.910        -29.647        -20.964
       2531.340        -30.329        -21.446
       2534.770        -31.289        -22.125
       2538.200        -29.978        -21.198
       2541.630        -31.425        -22.221
       2545.060        -30.085        -21.273
       2548.490        -31.793        -22.481
       2551.920        -29.222        -20.663
       2555.350        -33.499        -23.687
       2558.780        -28.470        -20.131
       2562.210        -34.184        -24.172
       2565.640        -28.549        -20.187
       2569.070        -32.516        -22.992
       2572.500        -29.481        -20.846
       2575.930        -29.919        -21.156
       2579.360        -32.221        -22.784
       2582.790        -28.509        -20.159
       2586.220        -33.730        -23.851
       2589.650        -29.864        -21.117
       2593.080        -30.815        -21.789
       2596.510        -30.993        -21.915
       2599.940        -32.005        -22.631
       2603.370        -27.671        -19.566
       2606.800        -39.027        -27.596
       2610.230        -27.085        -19.152
       2613.660        -30.894        -21.846
       2617.090        -31.065        -21.967
       2620.520        -28.472        -20.133
       2623.950        -33.194        -23.472
       2627.380        -31.057        -21.961
       2630.810        -29.856        -21.111
       2634.240        -31.237        -22.088
       2637.670        -31.556        -22.314
       2641.100        -28.350        -20.047
       2644.530        -35.304        -24.964
       2647.960        -28.625        -20.241
       2651.390        -33.674        -23.811
       2654.820        -29.045        -20.538
       2658.250        -34.485        -24.384
       2661.680        -28.535        -20.177
       2665.110        -32.374        -22.892
       2668.540        -30.454        -21.534
       2671.970        -30.197        -21.352
       2675.400        -31.605        -22.348
       2678.830        -32.101        -22.699
       2682.260        -29.335        -20.743
       2685.690        -32.261        -22.812
       2689.120        -30.149        -21.319
       2692.550        -28.850        -20.400
       2695.980        -34.243        -24.213
       2699.410        -28.262        -19.984
       2702.840        -34.750        -24.572
       2706.270        -29.338        -20.745
       2709.700        -32.833        -23.217
       2713.130        -30.325        -21.443
       2716.560        -32.112        -22.707
       2719.990        -29.945        -21.174
       2723.420        -33.970        -24.020
       2726.850        -27.933        -19.752
       2730.280        -38.110        -26.948
       2733.710        -27.735        -19.612
       2737.140        -32.273        -22.820
       2740.570        -30.746        -21.741
       2744.000        -30.377        -21.480
       2747.430        -31.361        -22.176
       2750.860        -33.230        -23.497
       2754.290        -28.832        -20.387
       2757.720        -33.957        -24.011
       2761.150        -29.391        -20.783
       2764.580        -31.185        -22.051
       2768.010        -30.950        -21.885
       2771.440        -31.074        -21.973
       2774.870        -30.970        -21.899
       2778.300        -30.523        -21.583
       2781.730        -32.174        -22.750
       2785.160        -30.036        -21.238
       2788.590        -32.164        -22.744
       2792.020        -31.768        -22.463
       2795.450        -30.196        -21.352
       2798.880        -31.771        -22.465
       2802.310        -30.623        -21.654
       2805.740        -29.129        -20.597
       2809.170        -33.999        -24.041
       2812.600        -28.473        -20.133
       2816.030        -34.762        -24.581
       2819.460        -30.509        -21.573
       2822.890        -30.861        -21.822
       2826.320        -32.932        -23.287
       2829.750        -29.935        -21.167
       2833.180        -29.533        -20.883
       2836.610        -33.276        -23.530
       2840.040        -28.008        -19.805
       2843.470        -35.870        -25.364
       2846.900        -30.182        -21.342
       2850.330        -31.458        -22.244
       2853.760        -31.797        -22.484
       2857.190        -31.355        -22.171
       2860.620        -30.096        -21.281
       2864.050        -32.604        -23.055
       2867.480        -30.825        -21.797
       2870.910        -31.271        -22.112
       2874.340        -30.429        -21.516
       2877.770        -32.471        -22.960
       2881.200        -29.075        -20.559
       2884.630        -34.202        -24.184
       2888.060        -31.290        -22.126
       2891.490        -30.110        -21.291
       2894.920        -34.536        -24.421
       2898.350        -28.996        -20.503
       2901.780        -31.220        -22.076
       2905.210        -31.019        -21.934
       2908.640        -30.233        -21.378
       2912.070        -32.382        -22.897
       2915.500        -31.678        -22.400
       2918.930        -30.757        -21.749
       2922.360        -34.349        -24.288
       2925.790        -28.948        -20.469
       2929.220        -36.929        -26.113
       2932.650        -28.317        -20.023
       2936.080        -34.577        -24.449
       2939.510        -29.873        -21.123
       2942.940        -32.330        -22.861
       2946.370        -31.385        -22.193
       2949.800        -33.007        -23.340
       2953.230        -29.346        -20.751
       2956.660        -35.722        -25.259
       2960.090        -29.023        -20.523
       2963.520        -34.475        -24.377
       2966.950        -30.235        -21.379
       2970.380        -33.154        -23.443
       2973.810        -29.565        -20.906
       2977.240        -34.385        -24.314
       2980.670        -31.247        -22.095
       2984.100        -29.992        -21.208
       2987.530        -37.600        -26.587
       2990.960        -27.681        -19.573
       2994.390        -31.639        -22.372
       2997.820        -31.060        -21.962
       3001.250        -30.015        -21.224
       3004.680        -32.483        -22.969
       3008.110        -33.516        -23.699
       3011.540        -28.154        -19.908
       3014.970        -38.558        -27.265
       3018.400        -29.238        -20.674
       3021.830        -33.796        -23.897
       3025.260        -30.544        -21.598
       3028.690        -33.183        -23.464
       3032.120        -30.639        -21.665
       3035.550        -31.843        -22.516
       3038.980        -34.769        -24.585
       3042.410        -28.804        -20.368
       3045.840        -36.372        -25.719
       3049.270        -29.158        -20.618
       3052.700        -34.852        -24.644
       3056.130        -30.079        -21.269
       3059.560        -34.115        -24.123
       3062.990        -31.549        -22.309
       3066.420        -30.903        -21.852
       3069.850        -32.953        -23.301
       3073.280        -29.665        -20.976
       3076.710        -30.223        -21.371
       3080.140        -33.055        -23.373
       3083.570        -31.247        -22.095
       3087.000        -30.868        -21.827
       3090.430        -35.296        -24.958
       3093.860        -28.874        -20.417
       3097.290        -35.412        -25.040
       3100.720        -30.259        -21.396
       3104.150        -32.870        -23.243
       3107.580        -31.214        -22.072
       3111.010        -31.936        -22.582
       3114.440        -34.270        -24.232
       3117.870        -29.443        -20.819
       3121.300        -37.010        -26.170
       3124.730        -29.532        -20.882
       3128.160        -34.484        -24.384
       3131.590        -29.927        -21.161
       3135.020        -34.313        -24.263
       3138.450        -31.338        -22.159
       3141.880        -30.381        -21.483
       3145.310        -39.127        -27.667
       3148.740        -26.959        -19.063
       3152.170        -41.348        -29.237
       3155.600        -30.071        -21.263
       3159.030        -30.837        -21.805
       3162.460        -36.284        -25.657
       3165.890        -29.139        -20.605
       3169.320        -34.116        -24.124
       3172.750        -30.701        -21.709
       3176.180        -35.109        -24.826
       3179.610        -29.165        -20.623
       3183.040        -35.875        -25.367
       3186.470        -31.819        -22.499
       3189.900        -30.040        -21.242
       3193.330        -40.147        -28.388
       3196.760        -28.119        -19.883
       3200.190        -38.209        -27.018
       3203.620        -30.498        -21.565
       3207.050        -32.712        -23.131
       3210.480        -33.545        -23.720
       3213.910        -30.206        -21.359
       3217.340        -37.837        -26.755
       3220.770        -28.228        -19.960
       3224.200        -39.351        -27.825
       3227.630        -30.388        -21.487
       3231.060        -31.311        -22.141
       3234.490        -38.263        -27.056
       3237.920        -28.551        -20.188
       3241.350        -37.255        -26.343
       3244.780        -31.199        -22.061
       3248.210        -31.671        -22.395
       3251.640        -32.441        -22.939
       3255.070        -32.077        -22.682
       3258.500        -32.465        -22.957
       3261.930        -31.216        -22.073
       3265.360        -31.533        -22.297
       3268.790        -29.979        -21.198
       3272.220        -33.512        -23.696
       3275.650        -32.006        -22.632
       3279.080        -31.754        -22.453
       3282.510        -31.728        -22.435
       3285.940        -31.275        -22.115
       3289.370        -31.420        -22.217
       3292.800        -34.174        -24.165
       3296.230        -31.175        -22.044
       3299.660        -33.012        -23.343
       3303.090        -33.475        -23.670
       3306.520        -30.017        -21.225
       3309.950        -38.500        -27.223
       3313.380        -29.294        -20.714
       3316.810        -35.697        -25.242
       3320.240        -32.479        -22.966
       3323.670        -30.604        -21.640
       3327.100        -36.912        -26.101
       3330.530        -28.728        -20.314
       3333.960        -35.815        -25.325
       3337.390        -31.682        -22.403
       3340.820        -31.636        -22.370
       3344.250        -34.242        -24.213
       3347.680        -31.099        -21.990
       3351.110        -31.269        -22.110
       3354.540        -34.312        -24.262
       3357.970        -31.132        -22.013
       3361.400        -32.807        -23.198
       3364.830        -34.048        -24.076
       3368.260        -30.311        -21.433
       3371.690        -36.085        -25.516
       3375.120        -30.159        -21.325
       3378.550        -34.318        -24.267
       3381.980        -30.563        -21.612
       3385.410        -33.092        -23.400
       3388.840        -31.363        -22.177
       3392.270        -28.441        -20.111
       3395.700        -35.531        -25.124
       3399.130        -31.904        -22.559
       3402.560        -30.579        -21.623
       3405.990        -33.914        -23.981
       3409.420        -33.867        -23.947
       3412.850        -29.200        -20.647
       3416.280        -39.709        -28.079
       3419.710        -30.220        -21.369
       3423.140        -31.882        -22.544
       3426.570        -36.379        -25.724
       3430.000        -30.518        -21.580
       3433.430        -31.449        -22.238
       3436.860        -36.059        -25.497
       3440.290        -30.709        -21.715
       3443.720        -31.321        -22.147
       3447.150        -41.926        -29.646
       3450.580        -27.985        -19.788
       3454.010        -38.092        -26.935
       3457.440        -33.205        -23.479
       3460.870        -30.589        -21.630
       3464.300        -35.683        -25.232
       3467.730        -32.984        -23.323
       3471.160        -30.104        -21.287
       3474.590        -37.588        -26.578
       3478.020        -30.573        -21.619
       3481.450        -33.584        -23.747
       3484.880        -34.993        -24.744
       3488.310        -29.809        -21.078
       3491.740        -33.461        -23.660
       3495.170        -30.677        -21.692
       3498.600        -34.248        -24.217
       3502.030        -31.414        -22.213
       3505.460        -33.553        -23.725
       3508.890        -30.967        -21.897
       3512.320        -34.802        -24.609
       3515.750        -31.756        -22.455
       3519.180        -32.678        -23.107
       3522.610        -32.601        -23.053
       3526.040        -34.575        -24.448
       3529.470        -29.218        -20.660
       3532.900        -37.860        -26.771
       3536.330        -32.483        -22.969
       3539.760        -31.092        -21.986
       3543.190        -35.919        -25.399
       3546.620        -31.640        -22.373
       3550.050        -30.879        -21.834
       3553.480        -34.614        -24.476
       3556.910        -34.912        -24.687
       3560.340        -29.616        -20.941
       3563.770        -38.035        -26.895
       3567.200        -33.276        -23.530
       3570.630        -29.663        -20.975
       3574.060        -35.987        -25.447
       3577.490        -35.005        -24.752
       3580.920        -28.136        -19.895
       3584.350        -49.577        -35.056
       3587.780        -29.883        -21.130
       3591.210        -32.503        -22.983
       3594.640        -35.437        -25.058
       3598.070        -32.849        -23.228
       3601.500        -30.464        -21.541
       3604.930        -37.625        -26.605
       3608.360        -31.325        -22.150
       3611.790        -32.757        -23.163
       3615.220        -33.155        -23.444
       3618.650        -35.930        -25.406
       3622.080        -29.353        -20.756
       3625.510        -38.247        -27.045
       3628.940        -31.749        -22.450
       3632.370        -32.560        -23.024
       3635.800        -31.125        -22.009
       3639.230        -35.045        -24.781
       3642.660        -31.540        -22.302
       3646.090        -33.027        -23.353
       3649.520        -34.654        -24.504
       3652.950        -33.112        -23.414
       3656.380        -30.540        -21.595
       3659.810        -38.438        -27.179
       3663.240        -31.053        -21.958
       3666.670        -34.612        -24.475
       3670.100        -30.665        -21.684
       3673.530        -34.441        -24.353
       3676.960        -29.832        -21.095
       3680.390        -32.588        -23.043
       3683.820        -40.211        -28.434
       3687.250        -31.020        -21.934
       3690.680        -30.800        -21.779
       3694.110        -47.611        -33.666
       3697.540        -29.506        -20.864
       3700.970        -33.572        -23.739
       3704.400        -34.283        -24.242
       3707.830        -34.723        -24.553
       3711.260        -29.557        -20.900
       3714.690        -37.970        -26.849
       3718.120        -31.840        -22.514
       3721.550        -33.007        -23.340
       3724.980        -30.770        -21.757
       3728.410        -36.009        -25.462
       3731.840        -33.148        -23.439
       3735.270        -31.334        -22.157
       3738.700        -33.555        -23.727
       3742.130        -39.368        -27.837
       3745.560        -29.263        -20.692
       3748.990        -34.410        -24.332
       3752.420        -32.608        -23.057
       3755.850        -36.300        -25.668
       3759.280        -29.873        -21.124
       3762.710        -35.582        -25.160
       3766.140        -35.383        -25.020
       3769.570        -31.208        -22.067
       3773.000        -32.687        -23.113
       3776.430        -36.831        -26.044
       3779.860        -33.732        -23.852
       3783.290        -29.334        -20.743
       3786.720        -37.522        -26.532
       3790.150        -35.670        -25.222
       3793.580        -30.751        -21.744
       3797.010        -31.783        -22.474
       3800.440        -40.532        -28.661
       3803.870        -31.896        -22.554
       3807.300        -32.180        -22.755
       3810.730        -33.692        -23.824
       3814.160        -36.188        -25.589
       3817.590        -30.869        -21.828
       3821.020        -31.947        -22.590
       3824.450        -31.500        -22.274
       3827.880        -49.887        -35.276
       3831.310        -28.582        -20.211
       3834.740        -34.539        -24.423
       3838.170        -38.884        -27.495
       3841.600        -31.265        -22.107
       3845.030        -33.082        -23.393
       3848.460        -31.460        -22.246
       3851.890        -36.471        -25.789
       3855.320        -32.066        -22.674
       3858.750        -33.600        -23.759
       3862.180        -30.898        -21.848
       3865.610        -44.756        -31.648
       3869.040        -29.862        -21.116
       3872.470        -33.250        -23.511
       3875.900        -35.490        -25.095
       3879.330        -35.323        -24.977
       3882.760        -32.408        -22.916
       3886.190        -30.548        -21.601
       3889.620        -40.708        -28.785
       3893.050        -32.782        -23.180
       3896.480        -33.935        -23.996
       3899.910        -29.752        -21.037
       3903.340        -42.183        -29.828
       3906.770        -33.733        -23.852
       3910.200        -31.192        -22.056
       3913.630        -34.425        -24.342
       3917.060        -34.347        -24.287
       3920.490        -32.898        -23.262
       3923.920        -31.405        -22.207
       3927.350        -33.546        -23.721
       3930.780        -34.950        -24.713
       3934.210        -38.681        -27.351
       3937.640        -28.898        -20.434
       3941.070        -36.682        -25.938
       3944.500        -34.996        -24.746
       3947.930        -34.367        -24.301
       3951.360        -32.865        -23.239
       3954.790        -30.319        -21.439
       3958.220        -49.377        -34.915
       3961.650        -31.137        -22.017
       3965.080        -33.685        -23.819
       3968.510        -30.621        -21.652
       3971.940        -36.703        -25.953
       3975.370        -35.323        -24.977
       3978.800        -32.170        -22.747
       3982.230        -31.801        -22.487
       3985.660        -35.737        -25.270
       3989.090        -38.923        -27.523
       3992.520        -29.843        -21.102
       3995.950        -35.428        -25.052
       3999.380        -31.133        -22.014
       4002.810        -43.755        -30.939
       4006.240        -32.770        -23.172
       4009.670        -30.481        -21.553
       4013.100        -35.916        -25.396
       4016.530        -37.850        -26.764
       4019.960        -33.401        -23.618
       4023.390        -30.805        -21.782
       4026.820        -31.256        -22.101
       4030.250        -32.446        -22.942
       4033.680        -42.230        -29.861
       4037.110        -31.441        -22.232
       4040.540        -31.140        -22.020
       4043.970        -37.132        -26.256
       4047.400        -34.133        -24.135
       4050.830        -34.509        -24.402
       4054.260        -32.497        -22.979
       4057.690        -31.004        -21.923
       4061.120        -56.701        -40.094
       4064.550        -31.013        -21.929
       4067.980        -34.774        -24.589
       4071.410        -31.123        -22.007
       4074.840        -36.105        -25.530
       4078.270        -39.658        -28.043
       4081.700        -30.682        -21.696
       4085.130        -34.766        -24.583
       4088.560        -31.446        -22.236
       4091.990        -39.654        -28.040
       4095.420        -34.007        -24.047
       4098.850        -31.349        -22.167
       4102.280        -33.254        -23.514
       4105.710        -35.381        -25.018
       4109.140        -37.229        -26.325
       4112.570        -33.109        -23.412
       4116.000        -30.799        -21.778
       4119.430        -35.357        -25.001
       4122.860        -34.166        -24.159
       4126.290        -43.190        -30.540
       4129.720        -29.875        -21.125
       4133.150        -33.806        -23.904
       4136.580        -33.041        -23.363
       4140.010        -38.101        -26.942
       4143.440        -35.835        -25.339
       4146.870        -30.061        -21.256
       4150.300        -31.933        -22.580
       4153.730        -34.537        -24.421
       4157.160        -37.153        -26.271
       4160.590        -37.966        -26.846
       4164.020        -29.164        -20.622
       4167.450        -35.441        -25.060
       4170.880        -34.720        -24.551
       4174.310        -33.385        -23.607
       4177.740        -37.894        -26.795
       4181.170        -30.314        -21.435
       4184.600        -32.096        -22.696
       4188.030        -40.655        -28.747
       4191.460        -34.503        -24.397
       4194.890        -34.678        -24.521
       4198.320        -32.472        -22.961
       4201.750        -30.896        -21.847
       4205.180        -42.831        -30.286
       4208.610        -32.553        -23.018
       4212.040        -35.281        -24.948
       4215.470        -32.939        -23.291
       4218.900        -30.871        -21.829
       4222.330        -42.313        -29.920
       4225.760        -35.583        -25.161
       4229.190        -33.235        -23.501
       4232.620        -33.553        -23.726
       4236.050        -31.375        -22.186
       4239.480        -35.499        -25.102
       4242.910        -33.331        -23.568
       4246.340        -35.878        -25.370
       4249.770        -30.961        -21.893
       4253.200        -34.496        -24.392
       4256.630        -33.204        -23.479
       4260.060        -36.805        -26.025
       4263.490        -34.232        -24.206
       4266.920        -32.307        -22.844
       4270.350        -31.500        -22.274
       4273.780        -33.889        -23.963
       4277.210        -40.247        -28.459
       4280.640        -33.731        -23.852
       4284.070        -33.104        -23.408
       4287.500        -33.071        -23.384
       4290.930        -33.619        -23.772
       4294.360        -35.348        -24.995
       4297.790        -33.957        -24.011
       4301.220        -32.385        -22.899
       4304.650        -31.548        -22.308
       4308.080        -35.687        -25.235
       4311.510        -32.772        -23.174
       4314.940        -39.804        -28.146
       4318.370        -34.449        -24.359
       4321.800        -30.779        -21.764
       4325.230        -37.548        -26.551
       4328.660        -30.553        -21.604
       4332.090        -51.068        -36.110
       4335.520        -34.714        -24.546
       4338.950        -32.447        -22.943
       4342.380        -32.914        -23.274
       4345.810        -34.333        -24.277
       4349.240        -33.439        -23.645
       4352.670        -48.205        -34.086
       4356.100        -31.877        -22.540
       4359.530        -33.093        -23.400
       4362.960        -33.956        -24.010
       4366.390        -33.159        -23.447
       4369.820        -37.624        -26.604
       4373.250        -40.536        -28.663
       4376.680        -31.703        -22.417
       4380.110        -32.087        -22.689
       4383.540        -36.535        -25.834
       4386.970        -30.821        -21.794
       4390.400        -41.013        -29.000
       4393.830        -37.891        -26.793
       4397.260        -29.925        -21.160
       4400.690        -36.029        -25.476
       4404.120        -31.885        -22.546
       4407.550        -35.698        -25.242
       4410.980        -42.275        -29.893
       4414.410        -31.076        -21.974
       4417.840        -34.848        -24.641
       4421.270        -32.120        -22.712
       4424.700        -34.769        -24.586
       4428.130        -34.872        -24.658
       4431.560        -42.551        -30.088
       4434.990        -32.998        -23.333
       4438.420        -31.384        -22.192
       4441.850        -34.113        -24.121
       4445.280        -33.343        -23.577
       4448.710        -35.198        -24.889
       4452.140        -43.503        -30.761
       4455.570        -33.461        -23.660
       4459.000        -32.387        -22.901
       4462.430        -33.637        -23.785
       4465.860        -33.314        -23.556
       4469.290        -33.610        -23.766
       4472.720        -36.675        -25.933
       4476.150        -36.380        -25.725
       4479.580        -31.566        -22.321
       4483.010        -34.386        -24.314
       4486.440        -32.198        -22.768
       4489.870        -35.777        -25.298
       4493.300        -42.490        -30.045
       4496.730        -32.339        -22.867
       4500.160        -34.683        -24.524
       4503.590        -32.663        -23.096
       4507.020        -33.958        -24.012
       4510.450        -33.866        -23.947
       4513.880        -41.856        -29.596
       4517.310        -37.272        -26.355
       4520.740        -30.098        -21.283
       4524.170        -41.023        -29.008
       4527.600        -29.849        -21.106
       4531.030        -35.039        -24.776
       4534.460        -36.157        -25.567
       4537.890        -35.675        -25.226
       4541.320        -34.105        -24.116
       4544.750        -32.444        -22.941
       4548.180        -35.055        -24.788
       4551.610        -31.048        -21.954
       4555.040        -39.049        -27.612
       4558.470        -38.673        -27.346
       4561.900        -36.036        -25.481
       4565.330        -32.046        -22.660
       4568.760        -35.953        -25.423
       4572.190        -31.798        -22.485
       4575.620        -33.115        -23.416
       4579.050        -43.476        -30.742
       4582.480        -36.576        -25.863
       4585.910        -33.893        -23.966
       4589.340        -34.715        -24.547
       4592.770        -32.423        -22.927
       4596.200        -34.177        -24.167
       4599.630        -31.840        -22.514
       4603.060        -40.837        -28.876
       4606.490        -33.961        -24.014
       4609.920        -34.000        -24.041
       4613.350        -34.627        -24.485
       4616.780        -32.139        -22.726
       4620.210        -33.189        -23.468
       4623.640        -36.104        -25.529
       4627.070        -42.594        -30.118
       4630.500        -32.443        -22.940
       4633.930        -36.463        -25.783
       4637.360        -34.638        -24.493
       4640.790        -30.672        -21.688
       4644.220        -35.978        -25.441
       4647.650        -34.871        -24.657
       4651.080        -35.726        -25.262
       4654.510        -34.140        -24.141
       4657.940        -36.850        -26.057
       4661.370        -33.294        -23.542
       4664.800        -31.161        -22.034
       4668.230        -35.361        -25.004
       4671.660        -37.891        -26.793
       4675.090        -39.980        -28.270
       4678.520        -32.663        -23.096
       4681.950        -41.270        -29.182
       4685.380        -30.415        -21.507
       4688.810        -33.238        -23.503
       4692.240        -33.465        -23.663
       4695.670        -39.328        -27.809
       4699.100        -40.478        -28.622
       4702.530        -33.160        -23.448
       4705.960        -41.890        -29.621
       4709.390        -31.667        -22.392
       4712.820        -31.696        -22.413
       4716.250        -32.660        -23.094
       4719.680        -36.179        -25.582
       4723.110        -40.817        -28.862
       4726.540        -34.799        -24.606
       4729.970        -36.693        -25.946
       4733.400        -32.440        -22.939
       4736.830        -32.329        -22.860
       4740.260        -31.642        -22.374
       4743.690        -39.808        -28.148
       4747.120        -37.563        -26.561
       4750.550        -38.632        -27.317
       4753.980        -35.320        -24.975
       4757.410        -37.265        -26.350
       4760.840        -32.007        -22.632
       4764.270        -30.266        -21.401
       4767.700        -40.156        -28.395
       4771.130        -36.373        -25.719
       4774.560        -37.970        -26.848
       4777.990        -35.616        -25.184
       4781.420        -43.392        -30.683
       4784.850        -31.063        -21.965
       4788.280        -32.657        -23.092
       4791.710        -31.412        -22.212
       4795.140        -41.168        -29.110
       4798.570        -33.370        -23.596
       4802.000        -41.410        -29.281
       4805.430        -38.288        -27.074
       4808.860        -33.249        -23.511
       4812.290        -33.605        -23.762
       4815.720        -30.169        -21.332
       4819.150        -37.238        -26.331
       4822.580        -37.034        -26.187
       4826.010        -36.250        -25.633
       4829.440        -40.067        -28.331
       4832.870        -35.493        -25.098
       4836.300        -35.782        -25.302
       4839.730        -31.967        -22.604
       4843.160        -30.474        -21.548
       4846.590        -40.369        -28.545
       4850.020        -34.792        -24.602
       4853.450        -36.009        -25.462
       4856.880        -41.301        -29.204
       4860.310        -37.371        -26.425
       4863.740        -34.307        -24.258
       4867.170        -30.503        -21.569
       4870.600        -34.436        -24.350
       4874.030        -36.091        -25.520
       4877.460        -34.354        -24.292
       4880.890        -35.610        -25.180
       4884.320        -44.297        -31.322
       4887.750        -35.656        -25.212
       4891.180        -33.524        -23.705
       4894.610        -31.294        -22.128
       4898.040        -33.552        -23.725
       4901.470        -37.315        -26.385
       4904.900        -32.676        -23.105
       4908.330        -35.917        -25.397
       4911.760        -43.606        -30.834
       4915.190        -36.166        -25.573
       4918.620        -36.404        -25.742
       4922.050        -31.147        -22.024
       4925.480        -34.130        -24.133
       4928.910        -37.169        -26.282
       4932.340        -32.896        -23.261
       4935.770        -35.760        -25.286
       4939.200        -41.455        -29.313
       4942.630        -41.026        -29.010
       4946.060        -32.838        -23.220
       4949.490        -36.819        -26.035
       4952.920        -29.759        -21.043
       4956.350        -40.263        -28.470
       4959.780        -32.993        -23.330
       4963.210        -34.266        -24.230
       4966.640        -36.991        -26.157
       4970.070        -42.884        -30.324
       4973.500        -37.072        -26.214
       4976.930        -32.904        -23.267
       4980.360        -33.713        -23.839
       4983.790        -35.142        -24.849
       4987.220        -35.121        -24.834
       4990.650        -31.305        -22.136
       4994.080        -35.616        -25.184
       4997.510        -38.794        -27.431
