          3.430         67.284          0.000          0.000
          6.860         67.797         63.490         44.894
         10.290         68.314        110.435         78.089
         13.720         68.833        176.009        124.457
         17.150         69.356        238.270        168.482
         20.580         69.882        293.911        207.826
         24.010         70.411        345.877        244.572
         27.440         70.943        395.456        279.630
         30.870         71.479        443.611        313.680
         34.300         72.018        491.185        347.320
         37.730         72.560        538.602        380.849
         41.160         73.106        585.647        414.115
         44.590         73.655        631.945        446.853
         48.020         74.207        677.343        478.954
         51.450         74.763        721.885        510.450
         54.880         75.322        765.702        541.433
         58.310         75.884        808.939        572.006
         61.740         76.450        851.706        602.247
         65.170         77.019        894.053        632.191
         68.600         77.592        935.984        661.841
         72.030         78.168        977.485        691.186
         75.460         78.748       1018.550        720.223
         78.890         79.331       1059.189        748.960
         82.320         79.917       1099.429        777.414
         85.750         80.507       1139.300        805.606
         89.180         81.101       1178.830        833.559
         92.610         81.698       1218.048        861.290
         96.040         82.298       1256.977        888.817
         99.470         82.903       1295.643        916.158
        102.900         83.510       1334.081        943.338
        106.330         84.121       1372.315        970.373
        109.760         84.736       1410.360        997.275
        113.190         85.355       1448.528       1024.264
        116.620         85.977       1488.459       1052.499
        120.050         86.602       1530.851       1082.475
        123.480         87.232       1573.320       1112.505
        126.910         87.865       1614.631       1141.717
        130.340         88.501       1654.737       1170.076
        133.770         89.142       1694.716       1198.345
        137.200         89.786       1736.566       1227.937
        140.630         90.433       1779.419       1258.239
        144.060         91.085       1821.670       1288.115
        147.490         91.740       1863.111       1317.419
        150.920         92.399       1903.981       1346.318
        154.350         93.062       1944.447       1374.932
        157.780         93.728       1984.436       1403.208
        161.210         94.398       2023.699       1430.971
        164.640         95.072       2061.976       1458.037
        168.070         95.750       2099.232       1484.381
        171.500         96.432       2136.888       1511.008
        174.930         97.118       2177.913       1540.017
        178.360         97.807       2220.199       1569.918
        181.790         98.500       2261.580       1599.179
        185.220         99.197       2301.521       1627.421
        188.650         99.898       2339.243       1654.095
        192.080        100.603       2375.768       1679.922
        195.510        101.312       2423.697       1713.812
        198.940        102.025       2470.375       1746.819
        202.370        102.741       2514.715       1778.172
        205.800        103.462       2557.375       1808.337
        209.230        104.187       2598.413       1837.355
        212.660        104.915       2637.533       1865.017
        216.090        105.648       2674.948       1891.474
        219.520        106.384       2716.892       1921.133
        222.950        107.125       2761.411       1952.612
        226.380        107.869       2803.406       1982.307
        229.810        108.618       2842.624       2010.038
        233.240        109.371       2882.076       2037.936
        236.670        110.128       2928.087       2070.470
        240.100        110.888       2973.292       2102.435
        243.530        111.653       3016.615       2133.069
        246.960        112.422       3058.597       2162.754
        250.390        113.195       3099.542       2191.707
        253.820        113.973       3139.547       2219.995
        257.250        114.754       3178.542       2247.568
        260.680        115.540       3216.546       2274.442
        264.110        116.329       3255.219       2301.787
        267.540        117.123       3297.755       2331.865
        270.970        117.921       3342.495       2363.501
        274.400        118.724       3387.823       2395.553
        277.830        119.530       3432.760       2427.328
        281.260        120.341       3476.765       2458.444
        284.690        121.156       3519.773       2488.855
        288.120        121.975       3561.958       2518.685
        291.550        122.798       3603.684       2548.189
        294.980        123.626       3645.441       2577.716
        298.410        124.458       3687.479       2607.442
        301.840        125.294       3729.552       2637.191
        305.270        126.135       3771.287       2666.703
        308.700        126.980       3812.512       2695.853
        312.130        127.829       3853.366       2724.742
        315.560        128.682       3894.587       2753.889
        318.990        129.540       3937.317       2784.103
        322.420        130.403       3981.206       2815.138
        325.850        131.269       4024.946       2846.067
        329.280        132.140       4067.876       2876.423
        332.710        133.015       4109.894       2906.134
        336.140        133.895       4151.644       2935.655
        339.570        134.779       4194.903       2966.244
        343.000        135.668       4239.714       2997.930
        346.430        136.561       4284.340       3029.486
        349.860        137.458       4328.144       3060.460
        353.290        138.360       4371.138       3090.861
        356.720        139.267       4413.478       3120.800
        360.150        140.177       4455.380       3150.429
        363.580        141.093       4497.110       3179.937
        367.010        142.013       4538.962       3209.531
        370.440        142.937       4581.286       3239.458
        373.870        143.866       4624.532       3270.038
        377.300        144.799       4668.986       3301.472
        380.730        145.737       4714.407       3333.589
        384.160        146.679       4760.284       3366.029
        387.590        147.626       4806.187       3398.488
        391.020        148.578       4851.844       3430.772
        394.450        149.534       4897.117       3462.785
        397.880        150.495       4941.977       3494.505
        401.310        151.460       4986.474       3525.970
        404.740        152.430       5030.710       3557.249
        408.170        153.404       5074.783       3588.414
        411.600        154.383       5118.722       3619.483
        415.030        155.367       5162.423       3650.385
        418.460        156.355       5205.637       3680.941
        421.890        157.348       5247.943       3710.856
        425.320        158.346       5288.556       3739.574
        428.750        159.348       5325.872       3765.960
        432.180        160.355       5371.476       3798.207
        435.610        161.367       5421.633       3833.673
        439.040        162.383       5468.534       3866.837
        442.470        163.404       5513.596       3898.701
        445.900        164.430       5557.786       3929.948
        449.330        165.460       5602.795       3961.774
        452.760        166.495       5649.470       3994.779
        456.190        167.535       5696.274       4027.874
        459.620        168.580       5742.161       4060.321
        463.050        169.629       5786.770       4091.864
        466.480        170.683       5829.667       4122.197
        469.910        171.742       5870.075       4150.770
        473.340        172.806       5914.930       4182.487
        476.770        173.874       5966.634       4219.047
        480.200        174.947       6016.396       4254.235
        483.630        176.025       6065.304       4288.818
        487.060        177.108       6114.215       4323.403
        490.490        178.195            NaN            NaN
        493.920        179.288            NaN            NaN
        497.350        180.385            NaN            NaN
        500.780        181.487            NaN            NaN
        504.210        182.593            NaN            NaN
        507.640        183.705            NaN            NaN
        511.070        184.821            NaN            NaN
        514.500        185.943            NaN            NaN
        517.930        187.069            NaN            NaN
        521.360        188.200            NaN            NaN
        524.790        189.335            NaN            NaN
        528.220        190.476            NaN            NaN
        531.650        191.622            NaN            NaN
        535.080        192.772            NaN            NaN
        538.510        193.927            NaN            NaN
        541.940        195.087            NaN            NaN
        545.370        196.253            NaN            NaN
        548.800        197.422            NaN            NaN
        552.230        198.597            NaN            NaN
        555.660        199.777            NaN            NaN
        559.090        200.962            NaN            NaN
        562.520        202.151            NaN            NaN
        565.950        203.346            NaN            NaN
        569.380        204.545            NaN            NaN
        572.810        205.750            NaN            NaN
        576.240        206.959            NaN            NaN
        579.670        208.173            NaN            NaN
        583.100        209.392            NaN            NaN
        586.530        210.616            NaN            NaN
        589.960        211.845            NaN            NaN
        593.390        213.079            NaN            NaN
        596.820        214.318            NaN            NaN
        600.250        215.562            NaN            NaN
        603.680        216.811            NaN            NaN
        607.110        218.064            NaN            NaN
        610.540        219.323            NaN            NaN
        613.970        220.587            NaN            NaN
        617.400        221.855            NaN            NaN
        620.830        223.129            NaN            NaN
        624.260        224.407            NaN            NaN
        627.690        225.691            NaN            NaN
        631.120        226.979            NaN            NaN
        634.550        228.273            NaN            NaN
        637.980        229.571            NaN            NaN
        641.410        230.875            NaN            NaN
        644.840        232.183            NaN            NaN
        648.270        233.496            NaN            NaN
        651.700        234.815            NaN            NaN
        655.130        236.138            NaN            NaN
        658.560        237.466            NaN            NaN
        661.990        238.799            NaN            NaN
        665.420        240.137            NaN            NaN
        668.850        241.481            NaN            NaN
        672.280        242.829            NaN            NaN
        675.710        244.182            NaN            NaN
        679.140        245.540            NaN            NaN
        682.570        246.903            NaN            NaN
        686.000        248.271            NaN            NaN
        689.430        249.644            NaN            NaN
        692.860        251.022            NaN            NaN
        696.290        252.405            NaN            NaN
        699.720        253.793            NaN            NaN
        703.150        255.186            NaN            NaN
        706.580        256.584            NaN            NaN
        710.010        257.986            NaN            NaN
        713.440        259.394            NaN            NaN
        716.870        260.807            NaN            NaN
        720.300        262.224            NaN            NaN
        723.730        263.647            NaN            NaN
        727.160        265.075            NaN            NaN
        730.590        266.507            NaN            NaN
        734.020        267.944            NaN            NaN
        737.450        269.387            NaN            NaN
        740.880        270.834            NaN            NaN
        744.310        272.286            NaN            NaN
        747.740        273.743            NaN            NaN
        751.170        275.205            NaN            NaN
        754.600        276.672            NaN            NaN
        758.030        278.144            NaN            NaN
        761.460        279.621            NaN            NaN
        764.890        281.103            NaN            NaN
        768.320        282.589            NaN            NaN
        771.750        284.081            NaN            NaN
        775.180        285.577            NaN            NaN
        778.610        287.078            NaN            NaN
        782.040        288.585            NaN            NaN
        785.470        290.096            NaN            NaN
        788.900        291.611            NaN            NaN
        792.330        293.132            NaN            NaN
        795.760        294.658            NaN            NaN
        799.190        296.188            NaN            NaN
        802.620        297.723            NaN            NaN
        806.050        299.263            NaN            NaN
        809.480        300.808            NaN            NaN
        812.910        302.358            NaN            NaN
        816.340        303.912            NaN            NaN
        819.770        305.472            NaN            NaN
        823.200        307.036            NaN            NaN
        826.630        308.605            NaN            NaN
        830.060        310.178            NaN            NaN
        833.490        311.757            NaN            NaN
        836.920        313.340            NaN            NaN
        840.350        314.928            NaN            NaN
        843.780        316.520            NaN            NaN
        847.210        318.118            NaN            NaN
        850.640        319.720            NaN            NaN
        854.070        321.327            NaN            NaN
        857.500        322.938            NaN            NaN
        860.930        324.554            NaN            NaN
        864.360        326.175            NaN            NaN
        867.790        327.801            NaN            NaN
        871.220        329.431            NaN            NaN
        874.650        331.066            NaN            NaN
        878.080        332.705            NaN            NaN
        881.510        334.349            NaN            NaN
        884.940        335.998            NaN            NaN
        888.370        337.651            NaN            NaN
        891.800        339.309            NaN            NaN
        895.230        340.971            NaN            NaN
        898.660        342.638            NaN            NaN
        902.090        344.310            NaN            NaN
        905.520        345.986            NaN            NaN
        908.950        347.667            NaN            NaN
        912.380        349.352            NaN            NaN
        915.810        351.041            NaN            NaN
        919.240        352.735            NaN            NaN
        922.670        354.434            NaN            NaN
        926.100        356.137            NaN            NaN
        929.530        357.845            NaN            NaN
        932.960        359.556            NaN            NaN
        936.390        361.273            NaN            NaN
        939.820        362.993            NaN            NaN
        943.250        364.719            NaN            NaN
        946.680        366.448            NaN            NaN
        950.110        368.182            NaN            NaN
        953.540        369.920            NaN            NaN
        956.970        371.662            NaN            NaN
        960.400        373.409            NaN            NaN
        963.830        375.160            NaN            NaN
        967.260        376.916            NaN            NaN
        970.690        378.675            NaN            NaN
        974.120        380.439            NaN            NaN
        977.550        382.207            NaN            NaN
        980.980        383.979            NaN            NaN
        984.410        385.756            NaN            NaN
        987.840        387.536            NaN            NaN
        991.270        389.321            NaN            NaN
        994.700        391.110            NaN            NaN
        998.130        392.903            NaN            NaN
       1001.560        394.700            NaN            NaN
       1004.990        396.501            NaN            NaN
       1008.420        398.306            NaN            NaN
       1011.850        400.115            NaN            NaN
       1015.280        401.928            NaN            NaN
       1018.710        403.746            NaN            NaN
       1022.140        405.567            NaN            NaN
       1025.570        407.392            NaN            NaN
       1029.000        409.221            NaN            NaN
       1032.430        411.054            NaN            NaN
       1035.860        412.891            NaN            NaN
       1039.290        414.732            NaN            NaN
       1042.720        416.576            NaN            NaN
       1046.150        418.425            NaN            NaN
       1049.580        420.277            NaN            NaN
       1053.010        422.133            NaN            NaN
       1056.440        423.993            NaN            NaN
       1059.870        425.856            NaN            NaN
       1063.300        427.724            NaN            NaN
       1066.730        429.595            NaN            NaN
       1070.160        431.469            NaN            NaN
       1073.590        433.347            NaN            NaN
       1077.020        435.229            NaN            NaN
       1080.450        437.115            NaN            NaN
       1083.880        439.004            NaN            NaN
       1087.310        440.896            NaN            NaN
       1090.740        442.793            NaN            NaN
       1094.170        444.692            NaN            NaN
       1097.600        446.595            NaN            NaN
       1101.030        448.502            NaN            NaN
       1104.460        450.412            NaN            NaN
       1107.890        452.325            NaN            NaN
       1111.320        454.242            NaN            NaN
       1114.750        456.162            NaN            NaN
       1118.180        458.086            NaN            NaN
       1121.610        460.013            NaN            NaN
       1125.040        461.943            NaN            NaN
       1128.470        463.876            NaN            NaN
       1131.900        465.813            NaN            NaN
       1135.330        467.752            NaN            NaN
       1138.760        469.695            NaN            NaN
       1142.190        471.641            NaN            NaN
       1145.620        473.590            NaN            NaN
       1149.050        475.542            NaN            NaN
       1152.480        477.498            NaN            NaN
       1155.910        479.456            NaN            NaN
       1159.340        481.417            NaN            NaN
       1162.770        483.382            NaN            NaN
       1166.200        485.349            NaN            NaN
       1169.630        487.319            NaN            NaN
       1173.060        489.292            NaN            NaN
       1176.490        491.268            NaN            NaN
       1179.920        493.246            NaN            NaN
       1183.350        495.228            NaN            NaN
       1186.780        497.212            NaN            NaN
       1190.210        499.199            NaN            NaN
       1193.640        501.188            NaN            NaN
       1197.070        503.181            NaN            NaN
       1200.500        505.176            NaN            NaN
       1203.930        507.173            NaN            NaN
       1207.360        509.173            NaN            NaN
       1210.790        511.176            NaN            NaN
       1214.220        513.181            NaN            NaN
       1217.650        515.189            NaN            NaN
       1221.080        517.199            NaN            NaN
       1224.510        519.211            NaN            NaN
       1227.940        521.226            NaN            NaN
       1231.370        523.243            NaN            NaN
       1234.800        525.263            NaN            NaN
       1238.230        527.285            NaN            NaN
       1241.660        529.309            NaN            NaN
       1245.090        531.335            NaN            NaN
       1248.520        533.364            NaN            NaN
       1251.950        535.394            NaN            NaN
       1255.380        537.427            NaN            NaN
       1258.810        539.462            NaN            NaN
       1262.240        541.499            NaN            NaN
       1265.670        543.537            NaN            NaN
       1269.100        545.578            NaN            NaN
       1272.530        547.621            NaN            NaN
       1275.960        549.666            NaN            NaN
       1279.390        551.712            NaN            NaN
       1282.820        553.760            NaN            NaN
       1286.250        555.811            NaN            NaN
       1289.680        557.862            NaN            NaN
       1293.110        559.916            NaN            NaN
       1296.540        561.971            NaN            NaN
       1299.970        564.028            NaN            NaN
       1303.400        566.087            NaN            NaN
       1306.830        568.147            NaN            NaN
       1310.260        570.209            NaN            NaN
       1313.690        572.272            NaN            NaN
       1317.120        574.336            NaN            NaN
       1320.550        576.402            NaN            NaN
       1323.980        578.470            NaN            NaN
       1327.410        580.539            NaN            NaN
       1330.840        582.609            NaN            NaN
       1334.270        584.680            NaN            NaN
       1337.700        586.752            NaN            NaN
       1341.130        588.826            NaN            NaN
       1344.560        590.901            NaN            NaN
       1347.990        592.977            NaN            NaN
       1351.420        595.054            NaN            NaN
       1354.850        597.132            NaN            NaN
       1358.280        599.211            NaN            NaN
       1361.710        601.291            NaN            NaN
       1365.140        603.372            NaN            NaN
       1368.570        605.454            NaN            NaN
       1372.000        607.537            NaN            NaN
       1375.430        609.620            NaN            NaN
       1378.860        611.704            NaN            NaN
       1382.290        613.789            NaN            NaN
       1385.720        615.875            NaN            NaN
       1389.150        617.961            NaN            NaN
       1392.580        620.048            NaN            NaN
       1396.010        622.135            NaN            NaN
       1399.440        624.223            NaN            NaN
       1402.870        626.311            NaN            NaN
       1406.300        628.400            NaN            NaN
       1409.730        630.489            NaN            NaN
       1413.160        632.578            NaN            NaN
       1416.590        634.668            NaN            NaN
       1420.020        636.758            NaN            NaN
       1423.450        638.848            NaN            NaN
       1426.880        640.938            NaN            NaN
       1430.310        643.029            NaN            NaN
       1433.740        645.119            NaN            NaN
       1437.170        647.210            NaN            NaN
       1440.600        649.300            NaN            NaN
       1444.030        651.391            NaN            NaN
       1447.460        653.481            NaN            NaN
       1450.890        655.571            NaN            NaN
       1454.320        657.661            NaN            NaN
       1457.750        659.751            NaN            NaN
       1461.180        661.840            NaN            NaN
       1464.610        663.929            NaN            NaN
       1468.040        666.018            NaN            NaN
       1471.470        668.106            NaN            NaN
       1474.900        670.194            NaN            NaN
       1478.330        672.282            NaN            NaN
       1481.760        674.368            NaN            NaN
       1485.190        676.455            NaN            NaN
       1488.620        678.540            NaN            NaN
       1492.050        680.625            NaN            NaN
       1495.480        682.709            NaN            NaN
       1498.910        684.793            NaN            NaN
       1502.340        686.875            NaN            NaN
       1505.770        688.957            NaN            NaN
       1509.200        691.038            NaN            NaN
       1512.630        693.117            NaN            NaN
       1516.060        695.196            NaN            NaN
       1519.490        697.274            NaN            NaN
       1522.920        699.351            NaN            NaN
       1526.350        701.426            NaN            NaN
       1529.780        703.500            NaN            NaN
       1533.210        705.573            NaN            NaN
       1536.640        707.645            NaN            NaN
       1540.070        709.715            NaN            NaN
       1543.500        711.784            NaN            NaN
       1546.930        713.852            NaN            NaN
       1550.360        715.918            NaN            NaN
       1553.790        717.983            NaN            NaN
       1557.220        720.046            NaN            NaN
       1560.650        722.107            NaN            NaN
       1564.080        724.167            NaN            NaN
       1567.510        726.225            NaN            NaN
       1570.940        728.281            NaN            NaN
       1574.370        730.335            NaN            NaN
       1577.800        732.388            NaN            NaN
       1581.230        734.439            NaN            NaN
       1584.660        736.487            NaN            NaN
       1588.090        738.534            NaN            NaN
       1591.520        740.578            NaN            NaN
       1594.950        742.621            NaN            NaN
       1598.380        744.661            NaN            NaN
       1601.810        746.699            NaN            NaN
       1605.240        748.735            NaN            NaN
       1608.670        750.769            NaN            NaN
       1612.100        752.800            NaN            NaN
       1615.530        754.829            NaN            NaN
       1618.960        756.855            NaN            NaN
       1622.390        758.879            NaN            NaN
       1625.820        760.901            NaN            NaN
       1629.250        762.919            NaN            NaN
       1632.680        764.935            NaN            NaN
       1636.110        766.949            NaN            NaN
       1639.540        768.959            NaN            NaN
       1642.970        770.967            NaN            NaN
       1646.400        772.972            NaN            NaN
       1649.830        774.975            NaN            NaN
       1653.260        776.974            NaN            NaN
       1656.690        778.970            NaN            NaN
       1660.120        780.963            NaN            NaN
       1663.550        782.953            NaN            NaN
       1666.980        784.940            NaN            NaN
       1670.410        786.924            NaN            NaN
       1673.840        788.904            NaN            NaN
       1677.270        790.882            NaN            NaN
       1680.700        792.856            NaN            NaN
       1684.130        794.826            NaN            NaN
       1687.560        796.793            NaN            NaN
       1690.990        798.757            NaN            NaN
       1694.420        800.717            NaN            NaN
       1697.850        802.673            NaN            NaN
       1701.280        804.626            NaN            NaN
       1704.710        806.575            NaN            NaN
       1708.140        808.521            NaN            NaN
       1711.570        810.463            NaN            NaN
       1715.000        812.400            NaN            NaN
       1718.430        814.334            NaN            NaN
       1721.860        816.264            NaN            NaN
       1725.290        818.190            NaN            NaN
       1728.720        820.112            NaN            NaN
       1732.150        822.030            NaN            NaN
       1735.580        823.944            NaN            NaN
       1739.010        825.854            NaN            NaN
       1742.440        827.759            NaN            NaN
       1745.870        829.660            NaN            NaN
       1749.300        831.557            NaN            NaN
       1752.730        833.449            NaN            NaN
       1756.160        835.337            NaN            NaN
       1759.590        837.221            NaN            NaN
       1763.020        839.099            NaN            NaN
       1766.450        840.974            NaN            NaN
       1769.880        842.844            NaN            NaN
       1773.310        844.709            NaN            NaN
       1776.740        846.569            NaN            NaN
       1780.170        848.425            NaN            NaN
       1783.600        850.275            NaN            NaN
       1787.030        852.121            NaN            NaN
       1790.460        853.962            NaN            NaN
       1793.890        855.798            NaN            NaN
       1797.320        857.629            NaN            NaN
       1800.750        859.455            NaN            NaN
       1804.180        861.276            NaN            NaN
       1807.610        863.091            NaN            NaN
       1811.040        864.901            NaN            NaN
       1814.470        866.707            NaN            NaN
       1817.900        868.506            NaN            NaN
       1821.330        870.301            NaN            NaN
       1824.760        872.090            NaN            NaN
       1828.190        873.873            NaN            NaN
       1831.620        875.651            NaN            NaN
       1835.050        877.424            NaN            NaN
       1838.480        879.191            NaN            NaN
       1841.910        880.952            NaN            NaN
       1845.340        882.707            NaN            NaN
       1848.770        884.457            NaN            NaN
       1852.200        886.201            NaN            NaN
       1855.630        887.939            NaN            NaN
       1859.060        889.671            NaN            NaN
       1862.490        891.398            NaN            NaN
       1865.920        893.118            NaN            NaN
       1869.350        894.832            NaN            NaN
       1872.780        896.540            NaN            NaN
       1876.210        898.242            NaN            NaN
       1879.640        899.938            NaN            NaN
       1883.070        901.628            NaN            NaN
       1886.500        903.311            NaN            NaN
       1889.930        904.988            NaN            NaN
       1893.360        906.659            NaN            NaN
       1896.790        908.323            NaN            NaN
       1900.220        909.981            NaN            NaN
       1903.650        911.632            NaN            NaN
       1907.080        913.277            NaN            NaN
       1910.510        914.915            NaN            NaN
       1913.940        916.546            NaN            NaN
       1917.370        918.171            NaN            NaN
       1920.800        919.789            NaN            NaN
       1924.230        921.401            NaN            NaN
       1927.660        923.005            NaN            NaN
       1931.090        924.603            NaN            NaN
       1934.520        926.193            NaN            NaN
       1937.950        927.777            NaN            NaN
       1941.380        929.353            NaN            NaN
       1944.810        930.923            NaN            NaN
       1948.240        932.486            NaN            NaN
       1951.670        934.041            NaN            NaN
       1955.100        935.589            NaN            NaN
       1958.530        937.130            NaN            NaN
       1961.960        938.664            NaN            NaN
       1965.390        940.190            NaN            NaN
       1968.820        941.709            NaN            NaN
       1972.250        943.220            NaN            NaN
       1975.680        944.725            NaN            NaN
       1979.110        946.221            NaN            NaN
       1982.540        947.710            NaN            NaN
       1985.970        949.192            NaN            NaN
       1989.400        950.666            NaN            NaN
       1992.830        952.132            NaN            NaN
       1996.260        953.590            NaN            NaN
       1999.690        955.041            NaN            NaN
       2003.120        956.484            NaN            NaN
       2006.550        957.919            NaN            NaN
       2009.980        959.346            NaN            NaN
       2013.410        960.765            NaN            NaN
       2016.840        962.177            NaN            NaN
       2020.270        963.580            NaN            NaN
       2023.700        964.975            NaN            NaN
       2027.130        966.362            NaN            NaN
       2030.560        967.741            NaN            NaN
       2033.990        969.112            NaN            NaN
       2037.420        970.475            NaN            NaN
       2040.850        971.829            NaN            NaN
       2044.280        973.176            NaN            NaN
       2047.710        974.513            NaN            NaN
       2051.140        975.843            NaN            NaN
       2054.570        977.164            NaN            NaN
       2058.000        978.477            NaN            NaN
       2061.430        979.781            NaN            NaN
       2064.860        981.076            NaN            NaN
       2068.290        982.363            NaN            NaN
       2071.720        983.642            NaN            NaN
       2075.150        984.912            NaN            NaN
       2078.580        986.173            NaN            NaN
       2082.010        987.425            NaN            NaN
       2085.440        988.669            NaN            NaN
       2088.870        989.904            NaN            NaN
       2092.300        991.130            NaN            NaN
       2095.730        992.347            NaN            NaN
       2099.160        993.555            NaN            NaN
       2102.590        994.755            NaN            NaN
       2106.020        995.945            NaN            NaN
       2109.450        997.126            NaN            NaN
       2112.880        998.299            NaN            NaN
       2116.310        999.462            NaN            NaN
       2119.740       1000.616            NaN            NaN
       2123.170       1001.761            NaN            NaN
       2126.600       1002.897            NaN            NaN
       2130.030       1004.024            NaN            NaN
       2133.460       1005.141            NaN            NaN
       2136.890       1006.249            NaN            NaN
       2140.320       1007.348            NaN            NaN
       2143.750       1008.438            NaN            NaN
       2147.180       1009.518            NaN            NaN
       2150.610       1010.588            NaN            NaN
       2154.040       1011.650            NaN            NaN
       2157.470       1012.701            NaN            NaN
       2160.900       1013.744            NaN            NaN
       2164.330       1014.776            NaN            NaN
       2167.760       1015.800            NaN            NaN
       2171.190       1016.813            NaN            NaN
       2174.620       1017.817            NaN            NaN
       2178.050       1018.811            NaN            NaN
       2181.480       1019.796            NaN            NaN
       2184.910       1020.771            NaN            NaN
       2188.340       1021.736            NaN            NaN
       2191.770       1022.691            NaN            NaN
       2195.200       1023.636            NaN            NaN
       2198.630       1024.572            NaN            NaN
       2202.060       1025.498            NaN            NaN
       2205.490       1026.414            NaN            NaN
       2208.920       1027.320            NaN            NaN
       2212.350       1028.216            NaN            NaN
       2215.780       1029.102            NaN            NaN
       2219.210       1029.978            NaN            NaN
       2222.640       1030.844            NaN            NaN
       2226.070       1031.700            NaN            NaN
       2229.500       1032.545            NaN            NaN
       2232.930       1033.381            NaN            NaN
       2236.360       1034.207            NaN            NaN
       2239.790       1035.022            NaN            NaN
       2243.220       1035.827            NaN            NaN
       2246.650       1036.622            NaN            NaN
       2250.080       1037.407            NaN            NaN
       2253.510       1038.182            NaN            NaN
       2256.940       1038.946            NaN            NaN
       2260.370       1039.700            NaN            NaN
       2263.800       1040.443            NaN            NaN
       2267.230       1041.176            NaN            NaN
       2270.660       1041.899            NaN            NaN
       2274.090       1042.612            NaN            NaN
       2277.520       1043.314            NaN            NaN
       2280.950       1044.005            NaN            NaN
       2284.380       1044.686            NaN            NaN
       2287.810       1045.357            NaN            NaN
       2291.240       1046.017            NaN            NaN
       2294.670       1046.667            NaN            NaN
       2298.100       1047.306            NaN            NaN
       2301.530       1047.934            NaN            NaN
       2304.960       1048.552            NaN            NaN
       2308.390       1049.159            NaN            NaN
       2311.820       1049.756            NaN            NaN
       2315.250       1050.342            NaN            NaN
       2318.680       1050.917            NaN            NaN
       2322.110       1051.482            NaN            NaN
       2325.540       1052.036            NaN            NaN
       2328.970       1052.579            NaN            NaN
       2332.400       1053.111            NaN            NaN
       2335.830       1053.633            NaN            NaN
       2339.260       1054.144            NaN            NaN
       2342.690       1054.644            NaN            NaN
       2346.120       1055.134            NaN            NaN
       2349.550       1055.612            NaN            NaN
       2352.980       1056.080            NaN            NaN
       2356.410       1056.537            NaN            NaN
       2359.840       1056.983            NaN            NaN
       2363.270       1057.418            NaN            NaN
       2366.700       1057.843            NaN            NaN
       2370.130       1058.256            NaN            NaN
       2373.560       1058.658            NaN            NaN
       2376.990       1059.050            NaN            NaN
       2380.420       1059.431            NaN            NaN
       2383.850       1059.800            NaN            NaN
       2387.280       1060.159            NaN            NaN
       2390.710       1060.507            NaN            NaN
       2394.140       1060.844            NaN            NaN
       2397.570       1061.170            NaN            NaN
       2401.000       1061.484            NaN            NaN
       2404.430       1061.788            NaN            NaN
       2407.860       1062.081            NaN            NaN
       2411.290       1062.363            NaN            NaN
       2414.720       1062.633            NaN            NaN
       2418.150       1062.893            NaN            NaN
       2421.580       1063.142            NaN            NaN
       2425.010       1063.379            NaN            NaN
       2428.440       1063.606            NaN            NaN
       2431.870       1063.821            NaN            NaN
       2435.300       1064.025            NaN            NaN
       2438.730       1064.219            NaN            NaN
       2442.160       1064.401            NaN            NaN
       2445.590       1064.572            NaN            NaN
       2449.020       1064.732            NaN            NaN
       2452.450       1064.880            NaN            NaN
       2455.880       1065.018            NaN            NaN
       2459.310       1065.145            NaN            NaN
       2462.740       1065.260            NaN            NaN
       2466.170       1065.364            NaN            NaN
       2469.600       1065.458            NaN            NaN
       2473.030       1065.540            NaN            NaN
       2476.460       1065.611            NaN            NaN
       2479.890       1065.670            NaN            NaN
       2483.320       1065.719            NaN            NaN
       2486.750       1065.756            NaN            NaN
       2490.180       1065.783            NaN            NaN
       2493.610       1065.798            NaN            NaN
       2497.040       1065.802            NaN            NaN
       2500.470       1065.795            NaN            NaN
       2503.900       1065.777            NaN            NaN
       2507.330       1065.747            NaN            NaN
       2510.760       1065.707            NaN            NaN
       2514.190       1065.655            NaN            NaN
       2517.620       1065.592            NaN            NaN
       2521.050       1065.518            NaN            NaN
       2524.480       1065.433            NaN            NaN
       2527.910       1065.337            NaN            NaN
       2531.340       1065.230            NaN            NaN
       2534.770       1065.111            NaN            NaN
       2538.200       1064.981            NaN            NaN
       2541.630       1064.841            NaN            NaN
       2545.060       1064.689            NaN            NaN
       2548.490       1064.526            NaN            NaN
       2551.920       1064.352            NaN            NaN
       2555.350       1064.167            NaN            NaN
       2558.780       1063.970            NaN            NaN
       2562.210       1063.763            NaN            NaN
       2565.640       1063.545            NaN            NaN
       2569.070       1063.315            NaN            NaN
       2572.500       1063.075            NaN            NaN
       2575.930       1062.823            NaN            NaN
       2579.360       1062.560            NaN            NaN
       2582.790       1062.287            NaN            NaN
       2586.220       1062.002            NaN            NaN
       2589.650       1061.706            NaN            NaN
       2593.080       1061.399            NaN            NaN
       2596.510       1061.081            NaN            NaN
       2599.940       1060.753            NaN            NaN
       2603.370       1060.413            NaN            NaN
       2606.800       1060.062            NaN            NaN
       2610.230       1059.700            NaN            NaN
       2613.660       1059.327            NaN            NaN
       2617.090       1058.944            NaN            NaN
       2620.520       1058.549            NaN            NaN
       2623.950       1058.144            NaN            NaN
       2627.380       1057.727            NaN            NaN
       2630.810       1057.300            NaN            NaN
       2634.240       1056.862            NaN            NaN
       2637.670       1056.413            NaN            NaN
       2641.100       1055.953            NaN            NaN
       2644.530       1055.482            NaN            NaN
       2647.960       1055.001            NaN            NaN
       2651.390       1054.508            NaN            NaN
       2654.820       1054.005            NaN            NaN
       2658.250       1053.491            NaN            NaN
       2661.680       1052.967            NaN            NaN
       2665.110       1052.431            NaN            NaN
       2668.540       1051.885            NaN            NaN
       2671.970       1051.328            NaN            NaN
       2675.400       1050.761            NaN            NaN
       2678.830       1050.182            NaN            NaN
       2682.260       1049.593            NaN            NaN
       2685.690       1048.994            NaN            NaN
       2689.120       1048.384            NaN            NaN
       2692.550       1047.763            NaN            NaN
       2695.980       1047.132            NaN            NaN
       2699.410       1046.490            NaN            NaN
       2702.840       1045.837            NaN            NaN
       2706.270       1045.174            NaN            NaN
       2709.700       1044.501            NaN            NaN
       2713.130       1043.817            NaN            NaN
       2716.560       1043.122            NaN            NaN
       2719.990       1042.417            NaN            NaN
       2723.420       1041.702            NaN            NaN
       2726.850       1040.977            NaN            NaN
       2730.280       1040.240            NaN            NaN
       2733.710       1039.494            NaN            NaN
       2737.140       1038.737            NaN            NaN
       2740.570       1037.970            NaN            NaN
       2744.000       1037.193            NaN            NaN
       2747.430       1036.405            NaN            NaN
       2750.860       1035.608            NaN            NaN
       2754.290       1034.800            NaN            NaN
       2757.720       1033.981            NaN            NaN
       2761.150       1033.153            NaN            NaN
       2764.580       1032.315            NaN            NaN
       2768.010       1031.466            NaN            NaN
       2771.440       1030.607            NaN            NaN
       2774.870       1029.739            NaN            NaN
       2778.300       1028.860            NaN            NaN
       2781.730       1027.971            NaN            NaN
       2785.160       1027.072            NaN            NaN
       2788.590       1026.164            NaN            NaN
       2792.020       1025.245            NaN            NaN
       2795.450       1024.317            NaN            NaN
       2798.880       1023.378            NaN            NaN
       2802.310       1022.430            NaN            NaN
       2805.740       1021.472            NaN            NaN
       2809.170       1020.504            NaN            NaN
       2812.600       1019.527            NaN            NaN
       2816.030       1018.540            NaN            NaN
       2819.460       1017.543            NaN            NaN
       2822.890       1016.536            NaN            NaN
       2826.320       1015.520            NaN            NaN
       2829.750       1014.494            NaN            NaN
       2833.180       1013.459            NaN            NaN
       2836.610       1012.414            NaN            NaN
       2840.040       1011.360            NaN            NaN
       2843.470       1010.296            NaN            NaN
       2846.900       1009.223            NaN            NaN
       2850.330       1008.140            NaN            NaN
       2853.760       1007.048            NaN            NaN
       2857.190       1005.947            NaN            NaN
       2860.620       1004.836            NaN            NaN
       2864.050       1003.716            NaN            NaN
       2867.480       1002.587            NaN            NaN
       2870.910       1001.448            NaN            NaN
       2874.340       1000.301            NaN            NaN
       2877.770        999.144            NaN            NaN
       2881.200        997.978            NaN            NaN
       2884.630        996.804            NaN            NaN
       2888.060        995.620            NaN            NaN
       2891.490        994.427            NaN            NaN
       2894.920        993.225            NaN            NaN
       2898.350        992.014            NaN            NaN
       2901.780        990.795            NaN            NaN
       2905.210        989.566            NaN            NaN
       2908.640        988.329            NaN            NaN
       2912.070        987.083            NaN            NaN
       2915.500        985.828            NaN            NaN
       2918.930        984.564            NaN            NaN
       2922.360        983.292            NaN            NaN
       2925.790        982.011            NaN            NaN
       2929.220        980.722            NaN            NaN
       2932.650        979.424            NaN            NaN
       2936.080        978.118            NaN            NaN
       2939.510        976.803            NaN            NaN
       2942.940        975.479            NaN            NaN
       2946.370        974.148            NaN            NaN
       2949.800        972.808            NaN            NaN
       2953.230        971.459            NaN            NaN
       2956.660        970.102            NaN            NaN
       2960.090        968.737            NaN            NaN
       2963.520        967.364            NaN            NaN
       2966.950        965.983            NaN            NaN
       2970.380        964.594            NaN            NaN
       2973.810        963.196            NaN            NaN
       2977.240        961.791            NaN            NaN
       2980.670        960.377            NaN            NaN
       2984.100        958.956            NaN            NaN
       2987.530        957.526            NaN            NaN
       2990.960        956.089            NaN            NaN
       2994.390        954.644            NaN            NaN
       2997.820        953.191            NaN            NaN
       3001.250        951.731            NaN            NaN
       3004.680        950.262            NaN            NaN
       3008.110        948.786            NaN            NaN
       3011.540        947.303            NaN            NaN
       3014.970        945.812            NaN            NaN
       3018.400        944.313            NaN            NaN
       3021.830        942.807            NaN            NaN
       3025.260        941.293            NaN            NaN
       3028.690        939.772            NaN            NaN
       3032.120        938.244            NaN            NaN
       3035.550        936.708            NaN            NaN
       3038.980        935.165            NaN            NaN
       3042.410        933.615            NaN            NaN
       3045.840        932.058            NaN            NaN
       3049.270        930.494            NaN            NaN
       3052.700        928.922            NaN            NaN
       3056.130        927.344            NaN            NaN
       3059.560        925.758            NaN            NaN
       3062.990        924.165            NaN            NaN
       3066.420        922.566            NaN            NaN
       3069.850        920.960            NaN            NaN
       3073.280        919.347            NaN            NaN
       3076.710        917.727            NaN            NaN
       3080.140        916.100            NaN            NaN
       3083.570        914.467            NaN            NaN
       3087.000        912.827            NaN            NaN
       3090.430        911.180            NaN            NaN
       3093.860        909.527            NaN            NaN
       3097.290        907.868            NaN            NaN
       3100.720        906.202            NaN            NaN
       3104.150        904.529            NaN            NaN
       3107.580        902.851            NaN            NaN
       3111.010        901.165            NaN            NaN
       3114.440        899.474            NaN            NaN
       3117.870        897.777            NaN            NaN
       3121.300        896.073            NaN            NaN
       3124.730        894.363            NaN            NaN
       3128.160        892.647            NaN            NaN
       3131.590        890.925            NaN            NaN
       3135.020        889.197            NaN            NaN
       3138.450        887.463            NaN            NaN
       3141.880        885.724            NaN            NaN
       3145.310        883.978            NaN            NaN
       3148.740        882.227            NaN            NaN
       3152.170        880.470            NaN            NaN
       3155.600        878.707            NaN            NaN
       3159.030        876.939            NaN            NaN
       3162.460        875.165            NaN            NaN
       3165.890        873.385            NaN            NaN
       3169.320        871.600            NaN            NaN
       3172.750        869.810            NaN            NaN
       3176.180        868.014            NaN            NaN
       3179.610        866.212            NaN            NaN
       3183.040        864.406            NaN            NaN
       3186.470        862.594            NaN            NaN
       3189.900        860.777            NaN            NaN
       3193.330        858.955            NaN            NaN
       3196.760        857.128            NaN            NaN
       3200.190        855.295            NaN            NaN
       3203.620        853.458            NaN            NaN
       3207.050        851.616            NaN            NaN
       3210.480        849.769            NaN            NaN
       3213.910        847.916            NaN            NaN
       3217.340        846.060            NaN            NaN
       3220.770        844.198            NaN            NaN
       3224.200        842.332            NaN            NaN
       3227.630        840.461            NaN            NaN
       3231.060        838.585            NaN            NaN
       3234.490        836.705            NaN            NaN
       3237.920        834.820            NaN            NaN
       3241.350        832.931            NaN            NaN
       3244.780        831.037            NaN            NaN
       3248.210        829.139            NaN            NaN
       3251.640        827.237            NaN            NaN
       3255.070        825.331            NaN            NaN
       3258.500        823.420            NaN            NaN
       3261.930        821.505            NaN            NaN
       3265.360        819.586            NaN            NaN
       3268.790        817.663            NaN            NaN
       3272.220        815.736            NaN            NaN
       3275.650        813.805            NaN            NaN
       3279.080        811.870            NaN            NaN
       3282.510        809.931            NaN            NaN
       3285.940        807.988            NaN            NaN
       3289.370        806.042            NaN            NaN
       3292.800        804.091            NaN            NaN
       3296.230        802.138            NaN            NaN
       3299.660        800.180            NaN            NaN
       3303.090        798.219            NaN            NaN
       3306.520        796.255            NaN            NaN
       3309.950        794.286            NaN            NaN
       3313.380        792.315            NaN            NaN
       3316.810        790.340            NaN            NaN
       3320.240        788.362            NaN            NaN
       3323.670        786.381            NaN            NaN
       3327.100        784.396            NaN            NaN
       3330.530        782.408            NaN            NaN
       3333.960        780.417            NaN            NaN
       3337.390        778.423            NaN            NaN
       3340.820        776.426            NaN            NaN
       3344.250        774.426            NaN            NaN
       3347.680        772.423            NaN            NaN
       3351.110        770.417            NaN            NaN
       3354.540        768.409            NaN            NaN
       3357.970        766.397            NaN            NaN
       3361.400        764.383            NaN            NaN
       3364.830        762.366            NaN            NaN
       3368.260        760.347            NaN            NaN
       3371.690        758.325            NaN            NaN
       3375.120        756.300            NaN            NaN
       3378.550        754.273            NaN            NaN
       3381.980        752.244            NaN            NaN
       3385.410        750.212            NaN            NaN
       3388.840        748.178            NaN            NaN
       3392.270        746.141            NaN            NaN
       3395.700        744.102            NaN            NaN
       3399.130        742.061            NaN            NaN
       3402.560        740.018            NaN            NaN
       3405.990        737.973            NaN            NaN
       3409.420        735.926            NaN            NaN
       3412.850        733.877            NaN            NaN
       3416.280        731.826            NaN            NaN
       3419.710        729.773            NaN            NaN
       3423.140        727.718            NaN            NaN
       3426.570        725.661            NaN            NaN
       3430.000        723.602            NaN            NaN
       3433.430        721.542            NaN            NaN
       3436.860        719.481            NaN            NaN
       3440.290        717.417            NaN            NaN
       3443.720        715.352            NaN            NaN
       3447.150        713.286            NaN            NaN
       3450.580        711.218            NaN            NaN
       3454.010        709.148            NaN            NaN
       3457.440        707.077            NaN            NaN
       3460.870        705.005            NaN            NaN
       3464.300        702.932            NaN            NaN
       3467.730        700.857            NaN            NaN
       3471.160        698.782            NaN            NaN
       3474.590        696.705            NaN            NaN
       3478.020        694.627            NaN            NaN
       3481.450        692.548            NaN            NaN
       3484.880        690.467            NaN            NaN
       3488.310        688.386            NaN            NaN
       3491.740        686.305            NaN            NaN
       3495.170        684.222            NaN            NaN
       3498.600        682.138            NaN            NaN
       3502.030        680.054            NaN            NaN
       3505.460        677.969            NaN            NaN
       3508.890        675.883            NaN            NaN
       3512.320        673.797            NaN            NaN
       3515.750        671.710            NaN            NaN
       3519.180        669.622            NaN            NaN
       3522.610        667.534            NaN            NaN
       3526.040        665.446            NaN            NaN
       3529.470        663.357            NaN            NaN
       3532.900        661.268            NaN            NaN
       3536.330        659.178            NaN            NaN
       3539.760        657.088            NaN            NaN
       3543.190        654.998            NaN            NaN
       3546.620        652.908            NaN            NaN
       3550.050        650.818            NaN            NaN
       3553.480        648.727            NaN            NaN
       3556.910        646.637            NaN            NaN
       3560.340        644.546            NaN            NaN
       3563.770        642.456            NaN            NaN
       3567.200        640.365            NaN            NaN
       3570.630        638.275            NaN            NaN
       3574.060        636.185            NaN            NaN
       3577.490        634.095            NaN            NaN
       3580.920        632.006            NaN            NaN
       3584.350        629.916            NaN            NaN
       3587.780        627.827            NaN            NaN
       3591.210        625.739            NaN            NaN
       3594.640        623.651            NaN            NaN
       3598.070        621.563            NaN            NaN
       3601.500        619.476            NaN            NaN
       3604.930        617.389            NaN            NaN
       3608.360        615.303            NaN            NaN
       3611.790        613.218            NaN            NaN
       3615.220        611.133            NaN            NaN
       3618.650        609.049            NaN            NaN
       3622.080        606.966            NaN            NaN
       3625.510        604.884            NaN            NaN
       3628.940        602.802            NaN            NaN
       3632.370        600.721            NaN            NaN
       3635.800        598.641            NaN            NaN
       3639.230        596.563            NaN            NaN
       3642.660        594.485            NaN            NaN
       3646.090        592.408            NaN            NaN
       3649.520        590.332            NaN            NaN
       3652.950        588.258            NaN            NaN
       3656.380        586.184            NaN            NaN
       3659.810        584.112            NaN            NaN
       3663.240        582.041            NaN            NaN
       3666.670        579.971            NaN            NaN
       3670.100        577.903            NaN            NaN
       3673.530        575.836            NaN            NaN
       3676.960        573.770            NaN            NaN
       3680.390        571.706            NaN            NaN
       3683.820        569.643            NaN            NaN
       3687.250        567.582            NaN            NaN
       3690.680        565.523            NaN            NaN
       3694.110        563.464            NaN            NaN
       3697.540        561.408            NaN            NaN
       3700.970        559.353            NaN            NaN
       3704.400        557.300            NaN            NaN
       3707.830        555.249            NaN            NaN
       3711.260        553.199            NaN            NaN
       3714.690        551.151            NaN            NaN
       3718.120        549.105            NaN            NaN
       3721.550        547.061            NaN            NaN
       3724.980        545.019            NaN            NaN
       3728.410        542.978            NaN            NaN
       3731.840        540.940            NaN            NaN
       3735.270        538.904            NaN            NaN
       3738.700        536.870            NaN            NaN
       3742.130        534.838            NaN            NaN
       3745.560        532.808            NaN            NaN
       3748.990        530.780            NaN            NaN
       3752.420        528.754            NaN            NaN
       3755.850        526.731            NaN            NaN
       3759.280        524.709            NaN            NaN
       3762.710        522.690            NaN            NaN
       3766.140        520.674            NaN            NaN
       3769.570        518.660            NaN            NaN
       3773.000        516.648            NaN            NaN
       3776.430        514.638            NaN            NaN
       3779.860        512.631            NaN            NaN
       3783.290        510.627            NaN            NaN
       3786.720        508.625            NaN            NaN
       3790.150        506.626            NaN            NaN
       3793.580        504.629            NaN            NaN
       3797.010        502.634            NaN            NaN
       3800.440        500.643            NaN            NaN
       3803.870        498.654            NaN            NaN
       3807.300        496.668            NaN            NaN
       3810.730        494.684            NaN            NaN
       3814.160        492.704            NaN            NaN
       3817.590        490.726            NaN            NaN
       3821.020        488.751            NaN            NaN
       3824.450        486.779            NaN            NaN
       3827.880        484.809            NaN            NaN
       3831.310        482.843            NaN            NaN
       3834.740        480.879            NaN            NaN
       3838.170        478.919            NaN            NaN
       3841.600        476.962            NaN            NaN
       3845.030        475.007            NaN            NaN
       3848.460        473.056            NaN            NaN
       3851.890        471.108            NaN            NaN
       3855.320        469.162            NaN            NaN
       3858.750        467.220            NaN            NaN
       3862.180        465.281            NaN            NaN
       3865.610        463.346            NaN            NaN
       3869.040        461.413            NaN            NaN
       3872.470        459.484            NaN            NaN
       3875.900        457.558            NaN            NaN
       3879.330        455.636            NaN            NaN
       3882.760        453.717            NaN            NaN
       3886.190        451.801            NaN            NaN
       3889.620        449.888            NaN            NaN
       3893.050        447.979            NaN            NaN
       3896.480        446.074            NaN            NaN
       3899.910        444.171            NaN            NaN
       3903.340        442.273            NaN            NaN
       3906.770        440.377            NaN            NaN
       3910.200        438.486            NaN            NaN
       3913.630        436.598            NaN            NaN
       3917.060        434.713            NaN            NaN
       3920.490        432.832            NaN            NaN
       3923.920        430.955            NaN            NaN
       3927.350        429.081            NaN            NaN
       3930.780        427.211            NaN            NaN
       3934.210        425.345            NaN            NaN
       3937.640        423.483            NaN            NaN
       3941.070        421.624            NaN            NaN
       3944.500        419.769            NaN            NaN
       3947.930        417.918            NaN            NaN
       3951.360        416.070            NaN            NaN
       3954.790        414.227            NaN            NaN
       3958.220        412.387            NaN            NaN
       3961.650        410.551            NaN            NaN
       3965.080        408.719            NaN            NaN
       3968.510        406.891            NaN            NaN
       3971.940        405.067            NaN            NaN
       3975.370        403.247            NaN            NaN
       3978.800        401.431            NaN            NaN
       3982.230        399.619            NaN            NaN
       3985.660        397.811            NaN            NaN
       3989.090        396.007            NaN            NaN
       3992.520        394.207            NaN            NaN
       3995.950        392.411            NaN            NaN
       3999.380        390.619            NaN            NaN
       4002.810        388.831            NaN            NaN
       4006.240        387.048            NaN            NaN
       4009.670        385.268            NaN            NaN
       4013.100        383.493            NaN            NaN
       4016.530        381.722            NaN            NaN
       4019.960        379.955            NaN            NaN
       4023.390        378.192            NaN            NaN
       4026.820        376.434            NaN            NaN
       4030.250        374.680            NaN            NaN
       4033.680        372.930            NaN            NaN
       4037.110        371.184            NaN            NaN
       4040.540        369.443            NaN            NaN
       4043.970        367.706            NaN            NaN
       4047.400        365.974            NaN            NaN
       4050.830        364.245            NaN            NaN
       4054.260        362.521            NaN            NaN
       4057.690        360.802            NaN            NaN
       4061.120        359.087            NaN            NaN
       4064.550        357.376            NaN            NaN
       4067.980        355.670            NaN            NaN
       4071.410        353.968            NaN            NaN
       4074.840        352.271            NaN            NaN
       4078.270        350.578            NaN            NaN
       4081.700        348.890            NaN            NaN
       4085.130        347.206            NaN            NaN
       4088.560        345.526            NaN            NaN
       4091.990        343.851            NaN            NaN
       4095.420        342.181            NaN            NaN
       4098.850        340.515            NaN            NaN
       4102.280        338.854            NaN            NaN
       4105.710        337.198            NaN            NaN
       4109.140        335.545            NaN            NaN
       4112.570        333.898            NaN            NaN
       4116.000        332.255            NaN            NaN
       4119.430        330.617            NaN            NaN
       4122.860        328.984            NaN            NaN
       4126.290        327.355            NaN            NaN
       4129.720        325.730            NaN            NaN
       4133.150        324.111            NaN            NaN
       4136.580        322.496            NaN            NaN
       4140.010        320.886            NaN            NaN
       4143.440        319.280            NaN            NaN
       4146.870        317.679            NaN            NaN
       4150.300        316.083            NaN            NaN
       4153.730        314.492            NaN            NaN
       4157.160        312.905            NaN            NaN
       4160.590        311.324            NaN            NaN
       4164.020        309.747            NaN            NaN
       4167.450        308.174            NaN            NaN
       4170.880        306.607            NaN            NaN
       4174.310        305.044            NaN            NaN
       4177.740        303.486            NaN            NaN
       4181.170        301.933            NaN            NaN
       4184.600        300.384            NaN            NaN
       4188.030        298.841            NaN            NaN
       4191.460        297.302            NaN            NaN
       4194.890        295.768            NaN            NaN
       4198.320        294.239            NaN            NaN
       4201.750        292.715            NaN            NaN
       4205.180        291.195            NaN            NaN
       4208.610        289.681            NaN            NaN
       4212.040        288.171            NaN            NaN
       4215.470        286.667            NaN            NaN
       4218.900        285.167            NaN            NaN
       4222.330        283.672            NaN            NaN
       4225.760        282.181            NaN            NaN
       4229.190        280.696            NaN            NaN
       4232.620        279.216            NaN            NaN
       4236.050        277.740            NaN            NaN
       4239.480        276.270            NaN            NaN
       4242.910        274.804            NaN            NaN
       4246.340        273.344            NaN            NaN
       4249.770        271.888            NaN            NaN
       4253.200        270.437            NaN            NaN
       4256.630        268.991            NaN            NaN
       4260.060        267.550            NaN            NaN
       4263.490        266.114            NaN            NaN
       4266.920        264.683            NaN            NaN
       4270.350        263.257            NaN            NaN
       4273.780        261.835            NaN            NaN
       4277.210        260.419            NaN            NaN
       4280.640        259.008            NaN            NaN
       4284.070        257.601            NaN            NaN
       4287.500        256.200            NaN            NaN
       4290.930        254.804            NaN            NaN
       4294.360        253.412            NaN            NaN
       4297.790        252.025            NaN            NaN
       4301.220        250.644            NaN            NaN
       4304.650        249.267            NaN            NaN
       4308.080        247.896            NaN            NaN
       4311.510        246.529            NaN            NaN
       4314.940        245.167            NaN            NaN
       4318.370        243.811            NaN            NaN
       4321.800        242.459            NaN            NaN
       4325.230        241.112            NaN            NaN
       4328.660        239.770            NaN            NaN
       4332.090        238.433            NaN            NaN
       4335.520        237.102            NaN            NaN
       4338.950        235.775            NaN            NaN
       4342.380        234.453            NaN            NaN
       4345.810        233.136            NaN            NaN
       4349.240        231.824            NaN            NaN
       4352.670        230.517            NaN            NaN
       4356.100        229.215            NaN            NaN
       4359.530        227.918            NaN            NaN
       4362.960        226.626            NaN            NaN
       4366.390        225.339            NaN            NaN
       4369.820        224.056            NaN            NaN
       4373.250        222.779            NaN            NaN
       4376.680        221.507            NaN            NaN
       4380.110        220.240            NaN            NaN
       4383.540        218.978            NaN            NaN
       4386.970        217.720            NaN            NaN
       4390.400        216.468            NaN            NaN
       4393.830        215.220            NaN            NaN
       4397.260        213.978            NaN            NaN
       4400.690        212.740            NaN            NaN
       4404.120        211.508            NaN            NaN
       4407.550        210.280            NaN            NaN
       4410.980        209.057            NaN            NaN
       4414.410        207.840            NaN            NaN
       4417.840        206.627            NaN            NaN
       4421.270        205.419            NaN            NaN
       4424.700        204.216            NaN            NaN
       4428.130        203.018            NaN            NaN
       4431.560        201.825            NaN            NaN
       4434.990        200.637            NaN            NaN
       4438.420        199.453            NaN            NaN
       4441.850        198.275            NaN            NaN
       4445.280        197.101            NaN            NaN
       4448.710        195.933            NaN            NaN
       4452.140        194.769            NaN            NaN
       4455.570        193.610            NaN            NaN
       4459.000        192.456            NaN            NaN
       4462.430        191.307            NaN            NaN
       4465.860        190.163            NaN            NaN
       4469.290        189.024            NaN            NaN
       4472.720        187.889            NaN            NaN
       4476.150        186.760            NaN            NaN
       4479.580        185.635            NaN            NaN
       4483.010        184.515            NaN            NaN
       4486.440        183.400            NaN            NaN
       4489.870        182.290            NaN            NaN
       4493.300        181.184            NaN            NaN
       4496.730        180.084            NaN            NaN
       4500.160        178.988            NaN            NaN
       4503.590        177.897            NaN            NaN
       4507.020        176.811            NaN            NaN
       4510.450        175.729            NaN            NaN
       4513.880        174.653            NaN            NaN
       4517.310        173.581            NaN            NaN
       4520.740        172.514            NaN            NaN
       4524.170        171.451            NaN            NaN
       4527.600        170.394            NaN            NaN
       4531.030        169.341            NaN            NaN
       4534.460        168.293            NaN            NaN
       4537.890        167.250            NaN            NaN
       4541.320        166.211            NaN            NaN
       4544.750        165.177            NaN            NaN
       4548.180        164.148            NaN            NaN
       4551.610        163.124            NaN            NaN
       4555.040        162.104            NaN            NaN
       4558.470        161.089            NaN            NaN
       4561.900        160.079            NaN            NaN
       4565.330        159.073            NaN            NaN
       4568.760        158.072            NaN            NaN
       4572.190        157.076            NaN            NaN
       4575.620        156.084            NaN            NaN
       4579.050        155.097            NaN            NaN
       4582.480        154.115            NaN            NaN
       4585.910        153.137            NaN            NaN
       4589.340        152.164            NaN            NaN
       4592.770        151.195            NaN            NaN
       4596.200        150.231            NaN            NaN
       4599.630        149.271            NaN            NaN
       4603.060        148.317            NaN            NaN
       4606.490        147.366            NaN            NaN
       4609.920        146.421            NaN            NaN
       4613.350        145.479            NaN            NaN
       4616.780        144.543            NaN            NaN
       4620.210        143.611            NaN            NaN
       4623.640        142.683            NaN            NaN
       4627.070        141.760            NaN            NaN
       4630.500        140.842            NaN            NaN
       4633.930        139.927            NaN            NaN
       4637.360        139.018            NaN            NaN
       4640.790        138.113            NaN            NaN
       4644.220        137.212            NaN            NaN
       4647.650        136.316            NaN            NaN
       4651.080        135.424            NaN            NaN
       4654.510        134.537            NaN            NaN
       4657.940        133.654            NaN            NaN
       4661.370        132.775            NaN            NaN
       4664.800        131.901            NaN            NaN
       4668.230        131.031            NaN            NaN
       4671.660        130.166            NaN            NaN
       4675.090        129.305            NaN            NaN
       4678.520        128.448            NaN            NaN
       4681.950        127.596            NaN            NaN
       4685.380        126.748            NaN            NaN
       4688.810        125.904            NaN            NaN
       4692.240        125.065            NaN            NaN
       4695.670        124.230            NaN            NaN
       4699.100        123.399            NaN            NaN
       4702.530        122.572            NaN            NaN
       4705.960        121.750            NaN            NaN
       4709.390        120.932            NaN            NaN
       4712.820        120.118            NaN            NaN
       4716.250        119.309            NaN            NaN
       4719.680        118.503            NaN            NaN
       4723.110        117.702            NaN            NaN
       4726.540        116.905            NaN            NaN
       4729.970        116.113            NaN            NaN
       4733.400        115.324            NaN            NaN
       4736.830        114.540            NaN            NaN
       4740.260        113.759            NaN            NaN
       4743.690        112.983            NaN            NaN
       4747.120        112.211            NaN            NaN
       4750.550        111.443            NaN            NaN
       4753.980        110.679            NaN            NaN
       4757.410        109.920            NaN            NaN
       4760.840        109.164            NaN            NaN
       4764.270        108.413            NaN            NaN
       4767.700        107.665            NaN            NaN
       4771.130        106.921            NaN            NaN
       4774.560        106.182            NaN            NaN
       4777.990        105.447            NaN            NaN
       4781.420        104.715            NaN            NaN
       4784.850        103.988            NaN            NaN
       4788.280        103.264            NaN            NaN
       4791.710        102.545            NaN            NaN
       4795.140        101.829            NaN            NaN
       4798.570        101.117            NaN            NaN
       4802.000        100.410            NaN            NaN
       4805.430         99.706            NaN            NaN
       4808.860         99.006            NaN            NaN
       4812.290         98.310            NaN            NaN
       4815.720         97.618            NaN            NaN
       4819.150         96.929            NaN            NaN
       4822.580         96.245            NaN            NaN
       4826.010         95.564            NaN            NaN
       4829.440         94.887            NaN            NaN
       4832.870         94.214            NaN            NaN
       4836.300         93.545            NaN            NaN
       4839.730         92.880            NaN            NaN
       4843.160         92.218            NaN            NaN
       4846.590         91.560            NaN            NaN
       4850.020         90.906            NaN            NaN
       4853.450         90.256            NaN            NaN
       4856.880         89.609            NaN            NaN
       4860.310         88.966            NaN            NaN
       4863.740         88.327            NaN            NaN
       4867.170         87.691            NaN            NaN
       4870.600         87.059            NaN            NaN
       4874.030         86.431            NaN            NaN
       4877.460         85.806            NaN            NaN
       4880.890         85.185            NaN            NaN
       4884.320         84.567            NaN            NaN
       4887.750         83.954            NaN            NaN
       4891.180         83.343            NaN            NaN
       4894.610         82.737            NaN            NaN
       4898.040         82.133            NaN            NaN
       4901.470         81.534            NaN            NaN
       4904.900         80.938            NaN            NaN
       4908.330         80.345            NaN            NaN
       4911.760         79.756            NaN            NaN
       4915.190         79.171            NaN            NaN
       4918.620         78.589            NaN            NaN
       4922.050         78.010            NaN            NaN
       4925.480         77.435            NaN            NaN
       4928.910         76.863            NaN            NaN
       4932.340         76.295            NaN            NaN
       4935.770         75.730            NaN            NaN
       4939.200         75.168            NaN            NaN
       4942.630         74.610            NaN            NaN
       4946.060         74.056            NaN            NaN
       4949.490         73.504            NaN            NaN
       4952.920         72.956            NaN            NaN
       4956.350         72.411            NaN            NaN
       4959.780         71.870            NaN            NaN
       4963.210         71.332            NaN            NaN
       4966.640         70.797            NaN            NaN
       4970.070         70.266            NaN            NaN
       4973.500         69.737            NaN            NaN
       4976.930         69.212            NaN            NaN
       4980.360         68.690            NaN            NaN
       4983.790         68.172            NaN            NaN
       4987.220         67.657            NaN            NaN
       4990.650         67.144            NaN            NaN
       4994.080         66.635            NaN            NaN
       4997.510         66.130            NaN            NaN
