2001
     0 340.686
   100 340.348
   200 340.010
   300 339.674
   400 339.337
   500 339.002
   600 338.668
   700 338.333
   800 338.000
   900 337.668
  1000 337.335
  1100 337.004
  1200 336.674
  1300 336.343
  1400 336.014
  1500 335.686
  1600 335.358
  1700 335.032
  1800 334.706
  1900 334.380
  2000 334.055
  2100 333.732
  2200 333.408
  2300 333.086
  2400 332.765
  2500 332.444
  2600 332.124
  2700 331.806
  2800 331.487
  2900 331.170
  3000 330.853
  3100 330.537
  3200 330.223
  3300 329.909
  3400 329.595
  3500 329.283
  3600 328.972
  3700 328.662
  3800 328.352
  3900 328.044
  4000 327.736
  4100 327.429
  4200 327.123
  4300 326.819
  4400 326.515
  4500 326.212
  4600 325.910
  4700 325.609
  4800 325.309
  4900 325.010
  5000 324.712
  5100 324.415
  5200 324.119
  5300 323.823
  5400 323.530
  5500 323.237
  5600 322.945
  5700 322.654
  5800 322.364
  5900 322.075
  6000 321.788
  6100 321.501
  6200 321.216
  6300 320.932
  6400 320.648
  6500 320.365
  6600 320.085
  6700 319.805
  6800 319.526
  6900 319.248
  7000 318.972
  7100 318.697
  7200 318.421
  7300 318.148
  7400 317.877
  7500 317.606
  7600 317.336
  7700 317.068
  7800 316.801
  7900 316.535
  8000 316.270
  8100 316.007
  8200 315.745
  8300 315.484
  8400 315.224
  8500 314.965
  8600 314.708
  8700 314.452
  8800 314.197
  8900 313.944
  9000 313.692
  9100 313.441
  9200 313.192
  9300 312.943
  9400 312.696
  9500 312.451
  9600 312.207
  9700 311.964
  9800 311.722
  9900 311.482
 10000 311.244
 10100 311.006
 10200 310.770
 10300 310.536
 10400 310.302
 10500 310.070
 10600 309.840
 10700 309.611
 10800 309.383
 10900 309.157
 11000 308.932
 11100 308.709
 11200 308.486
 11300 308.266
 11400 308.048
 11500 307.830
 11600 307.614
 11700 307.400
 11800 307.186
 11900 306.975
 12000 306.765
 12100 306.557
 12200 306.349
 12300 306.143
 12400 305.940
 12500 305.737
 12600 305.536
 12700 305.337
 12800 305.139
 12900 304.943
 13000 304.748
 13100 304.555
 13200 304.364
 13300 304.174
 13400 303.985
 13500 303.798
 13600 303.613
 13700 303.429
 13800 303.248
 13900 303.067
 14000 302.889
 14100 302.711
 14200 302.536
 14300 302.363
 14400 302.191
 14500 302.019
 14600 301.851
 14700 301.684
 14800 301.518
 14900 301.354
 15000 301.192
 15100 301.032
 15200 300.873
 15300 300.716
 15400 300.561
 15500 300.407
 15600 300.256
 15700 300.105
 15800 299.957
 15900 299.810
 16000 299.665
 16100 299.522
 16200 299.381
 16300 299.241
 16400 299.103
 16500 298.967
 16600 298.832
 16700 298.700
 16800 298.569
 16900 298.440
 17000 298.313
 17100 298.188
 17200 298.064
 17300 297.942
 17400 297.822
 17500 297.703
 17600 297.587
 17700 297.472
 17800 297.360
 17900 297.249
 18000 297.140
 18100 297.033
 18200 296.927
 18300 296.824
 18400 296.722
 18500 296.622
 18600 296.525
 18700 296.429
 18800 296.334
 18900 296.242
 19000 296.152
 19100 296.063
 19200 295.976
 19300 295.892
 19400 295.809
 19500 295.728
 19600 295.649
 19700 295.572
 19800 295.496
 19900 295.424
 20000 295.353
 20100 295.283
 20200 295.216
 20300 295.150
 20400 295.087
 20500 295.025
 20600 294.966
 20700 294.907
 20800 294.852
 20900 294.799
 21000 294.746
 21100 294.697
 21200 294.649
 21300 294.603
 21400 294.559
 21500 294.517
 21600 294.477
 21700 294.439
 21800 294.404
 21900 294.370
 22000 294.338
 22100 294.308
 22200 294.280
 22300 294.254
 22400 294.231
 22500 294.209
 22600 294.189
 22700 294.172
 22800 294.155
 22900 294.142
 23000 294.131
 23100 294.120
 23200 294.114
 23300 294.108
 23400 294.105
 23500 294.103
 23600 294.104
 23700 294.107
 23800 294.111
 23900 294.119
 24000 294.127
 24100 294.139
 24200 294.152
 24300 294.168
 24400 294.185
 24500 294.204
 24600 294.226
 24700 294.250
 24800 294.275
 24900 294.303
 25000 294.334
 25100 294.365
 25200 294.400
 25300 294.436
 25400 294.474
 25500 294.516
 25600 294.558
 25700 294.603
 25800 294.650
 25900 294.699
 26000 294.750
 26100 294.804
 26200 294.860
 26300 294.918
 26400 294.978
 26500 295.040
 26600 295.105
 26700 295.171
 26800 295.240
 26900 295.311
 27000 295.383
 27100 295.459
 27200 295.537
 27300 295.617
 27400 295.698
 27500 295.782
 27600 295.869
 27700 295.957
 27800 296.048
 27900 296.140
 28000 296.236
 28100 296.333
 28200 296.432
 28300 296.535
 28400 296.639
 28500 296.745
 28600 296.854
 28700 296.964
 28800 297.077
 28900 297.192
 29000 297.310
 29100 297.430
 29200 297.552
 29300 297.676
 29400 297.803
 29500 297.932
 29600 298.063
 29700 298.196
 29800 298.331
 29900 298.469
 30000 298.610
 30100 298.752
 30200 298.897
 30300 299.045
 30400 299.194
 30500 299.346
 30600 299.500
 30700 299.656
 30800 299.814
 30900 299.975
 31000 300.138
 31100 300.303
 31200 300.471
 31300 300.642
 31400 300.814
 31500 300.989
 31600 301.166
 31700 301.345
 31800 301.527
 31900 301.711
 32000 301.898
 32100 302.086
 32200 302.278
 32300 302.471
 32400 302.666
 32500 302.865
 32600 303.065
 32700 303.268
 32800 303.473
 32900 303.681
 33000 303.890
 33100 304.103
 33200 304.317
 33300 304.535
 33400 304.753
 33500 304.975
 33600 305.198
 33700 305.425
 33800 305.654
 33900 305.884
 34000 306.117
 34100 306.353
 34200 306.591
 34300 306.832
 34400 307.074
 34500 307.319
 34600 307.567
 34700 307.817
 34800 308.068
 34900 308.322
 35000 308.579
 35100 308.838
 35200 309.100
 35300 309.363
 35400 309.629
 35500 309.898
 35600 310.168
 35700 310.441
 35800 310.716
 35900 310.993
 36000 311.273
 36100 311.555
 36200 311.839
 36300 312.126
 36400 312.415
 36500 312.706
 36600 313.000
 36700 313.296
 36800 313.594
 36900 313.893
 37000 314.196
 37100 314.500
 37200 314.807
 37300 315.117
 37400 315.428
 37500 315.741
 37600 316.057
 37700 316.375
 37800 316.695
 37900 317.017
 38000 317.342
 38100 317.668
 38200 317.997
 38300 318.328
 38400 318.660
 38500 318.995
 38600 319.332
 38700 319.671
 38800 320.012
 38900 320.355
 39000 320.701
 39100 321.048
 39200 321.397
 39300 321.748
 39400 322.101
 39500 322.456
 39600 322.814
 39700 323.172
 39800 323.533
 39900 323.896
 40000 324.261
 40100 324.627
 40200 324.996
 40300 325.366
 40400 325.738
 40500 326.111
 40600 326.487
 40700 326.865
 40800 327.244
 40900 327.623
 41000 328.006
 41100 328.390
 41200 328.776
 41300 329.163
 41400 329.552
 41500 329.942
 41600 330.334
 41700 330.727
 41800 331.122
 41900 331.518
 42000 331.916
 42100 332.315
 42200 332.715
 42300 333.117
 42400 333.520
 42500 333.925
 42600 334.330
 42700 334.738
 42800 335.146
 42900 335.555
 43000 335.965
 43100 336.377
 43200 336.789
 43300 337.203
 43400 337.617
 43500 338.033
 43600 338.450
 43700 338.867
 43800 339.285
 43900 339.704
 44000 340.124
 44100 340.545
 44200 340.966
 44300 341.388
 44400 341.811
 44500 342.235
 44600 342.659
 44700 343.083
 44800 343.508
 44900 343.933
 45000 344.359
 45100 344.785
 45200 345.212
 45300 345.639
 45400 346.066
 45500 346.493
 45600 346.920
 45700 347.347
 45800 347.775
 45900 348.203
 46000 348.631
 46100 349.057
 46200 349.485
 46300 349.912
 46400 350.340
 46500 350.766
 46600 351.192
 46700 351.619
 46800 352.045
 46900 352.470
 47000 352.894
 47100 353.319
 47200 353.743
 47300 354.166
 47400 354.588
 47500 355.009
 47600 355.430
 47700 355.850
 47800 356.269
 47900 356.687
 48000 357.104
 48100 357.521
 48200 357.935
 48300 358.349
 48400 358.761
 48500 359.173
 48600 359.582
 48700 359.992
 48800 360.398
 48900 360.805
 49000 361.208
 49100 361.610
 49200 362.012
 49300 362.411
 49400 362.808
 49500 363.204
 49600 363.597
 49700 363.989
 49800 364.380
 49900 364.768
 50000 365.153
 50100 365.536
 50200 365.919
 50300 366.297
 50400 366.674
 50500 367.049
 50600 367.421
 50700 367.790
 50800 368.157
 50900 368.521
 51000 368.884
 51100 369.243
 51200 369.598
 51300 369.953
 51400 370.303
 51500 370.650
 51600 370.995
 51700 371.337
 51800 371.675
 51900 372.011
 52000 372.343
 52100 372.672
 52200 372.998
 52300 373.319
 52400 373.638
 52500 373.954
 52600 374.265
 52700 374.573
 52800 374.878
 52900 375.178
 53000 375.475
 53100 375.769
 53200 376.058
 53300 376.343
 53400 376.625
 53500 376.902
 53600 377.176
 53700 377.445
 53800 377.710
 53900 377.971
 54000 378.227
 54100 378.479
 54200 378.727
 54300 378.970
 54400 379.210
 54500 379.443
 54600 379.673
 54700 379.898
 54800 380.119
 54900 380.335
 55000 380.545
 55100 380.752
 55200 380.953
 55300 381.149
 55400 381.341
 55500 381.528
 55600 381.709
 55700 381.886
 55800 382.058
 55900 382.223
 56000 382.385
 56100 382.540
 56200 382.691
 56300 382.836
 56400 382.976
 56500 383.110
 56600 383.239
 56700 383.363
 56800 383.481
 56900 383.593
 57000 383.700
 57100 383.802
 57200 383.897
 57300 383.987
 57400 384.072
 57500 384.151
 57600 384.224
 57700 384.291
 57800 384.352
 57900 384.408
 58000 384.457
 58100 384.501
 58200 384.539
 58300 384.571
 58400 384.597
 58500 384.616
 58600 384.631
 58700 384.638
 58800 384.640
 58900 384.636
 59000 384.626
 59100 384.610
 59200 384.587
 59300 384.558
 59400 384.523
 59500 384.482
 59600 384.435
 59700 384.381
 59800 384.322
 59900 384.256
 60000 384.183
 60100 384.105
 60200 384.020
 60300 383.930
 60400 383.833
 60500 383.729
 60600 383.619
 60700 383.504
 60800 383.381
 60900 383.253
 61000 383.118
 61100 382.977
 61200 382.829
 61300 382.675
 61400 382.515
 61500 382.349
 61600 382.176
 61700 381.997
 61800 381.812
 61900 381.620
 62000 381.423
 62100 381.218
 62200 381.008
 62300 380.791
 62400 380.569
 62500 380.339
 62600 380.103
 62700 379.862
 62800 379.614
 62900 379.360
 63000 379.100
 63100 378.834
 63200 378.561
 63300 378.282
 63400 377.997
 63500 377.707
 63600 377.409
 63700 377.107
 63800 376.798
 63900 376.483
 64000 376.162
 64100 375.835
 64200 375.502
 64300 375.163
 64400 374.817
 64500 374.467
 64600 374.110
 64700 373.748
 64800 373.380
 64900 373.005
 65000 372.625
 65100 372.240
 65200 371.849
 65300 371.451
 65400 371.049
 65500 370.641
 65600 370.227
 65700 369.807
 65800 369.383
 65900 368.953
 66000 368.517
 66100 368.075
 66200 367.629
 66300 367.177
 66400 366.720
 66500 366.258
 66600 365.789
 66700 365.317
 66800 364.838
 66900 364.355
 67000 363.867
 67100 363.374
 67200 362.875
 67300 362.372
 67400 361.864
 67500 361.350
 67600 360.832
 67700 360.309
 67800 359.782
 67900 359.250
 68000 358.713
 68100 358.171
 68200 357.625
 68300 357.074
 68400 356.519
 68500 355.959
 68600 355.395
 68700 354.826
 68800 354.254
 68900 353.676
 69000 353.094
 69100 352.510
 69200 351.920
 69300 351.326
 69400 350.727
 69500 350.126
 69600 349.520
 69700 348.910
 69800 348.296
 69900 347.679
 70000 347.058
 70100 346.433
 70200 345.804
 70300 345.172
 70400 344.536
 70500 343.896
 70600 343.254
 70700 342.608
 70800 341.958
 70900 341.305
 71000 340.649
 71100 339.989
 71200 339.327
 71300 338.661
 71400 337.991
 71500 337.320
 71600 336.644
 71700 335.967
 71800 335.286
 71900 334.602
 72000 333.916
 72100 333.227
 72200 332.535
 72300 331.841
 72400 331.143
 72500 330.443
 72600 329.741
 72700 329.037
 72800 328.329
 72900 327.620
 73000 326.909
 73100 326.194
 73200 325.479
 73300 324.761
 73400 324.040
 73500 323.318
 73600 322.594
 73700 321.867
 73800 321.139
 73900 320.409
 74000 319.677
 74100 318.944
 74200 318.208
 74300 317.472
 74400 316.733
 74500 315.992
 74600 315.251
 74700 314.508
 74800 313.764
 74900 313.018
 75000 312.271
 75100 311.523
 75200 310.773
 75300 310.022
 75400 309.271
 75500 308.518
 75600 307.764
 75700 307.009
 75800 306.253
 75900 305.497
 76000 304.740
 76100 303.982
 76200 303.223
 76300 302.463
 76400 301.704
 76500 300.943
 76600 300.181
 76700 299.419
 76800 298.657
 76900 297.895
 77000 297.133
 77100 296.370
 77200 295.607
 77300 294.844
 77400 294.080
 77500 293.316
 77600 292.553
 77700 291.789
 77800 291.026
 77900 290.262
 78000 289.499
 78100 288.736
 78200 287.973
 78300 287.212
 78400 286.450
 78500 285.688
 78600 284.927
 78700 284.166
 78800 283.406
 78900 282.647
 79000 281.889
 79100 281.131
 79200 280.374
 79300 279.617
 79400 278.861
 79500 278.107
 79600 277.353
 79700 276.601
 79800 275.849
 79900 275.099
 80000 274.350
 80100 273.602
 80200 272.856
 80300 272.110
 80400 271.366
 80500 270.624
 80600 269.883
 80700 269.143
 80800 268.405
 80900 267.669
 81000 266.935
 81100 266.202
 81200 265.471
 81300 264.742
 81400 264.014
 81500 263.289
 81600 262.567
 81700 261.845
 81800 261.126
 81900 260.409
 82000 259.694
 82100 258.982
 82200 258.272
 82300 257.565
 82400 256.860
 82500 256.156
 82600 255.457
 82700 254.759
 82800 254.065
 82900 253.373
 83000 252.683
 83100 251.997
 83200 251.314
 83300 250.633
 83400 249.955
 83500 249.281
 83600 248.610
 83700 247.941
 83800 247.277
 83900 246.614
 84000 245.957
 84100 245.301
 84200 244.651
 84300 244.003
 84400 243.359
 84500 242.718
 84600 242.081
 84700 241.448
 84800 240.819
 84900 240.194
 85000 239.572
 85100 238.955
 85200 238.342
 85300 237.733
 85400 237.128
 85500 236.527
 85600 235.931
 85700 235.339
 85800 234.752
 85900 234.169
 86000 233.591
 86100 233.017
 86200 232.447
 86300 231.884
 86400 231.324
 86500 230.769
 86600 230.219
 86700 229.675
 86800 229.135
 86900 228.601
 87000 228.072
 87100 227.548
 87200 227.029
 87300 226.516
 87400 226.008
 87500 225.506
 87600 225.009
 87700 224.517
 87800 224.032
 87900 223.552
 88000 223.079
 88100 222.610
 88200 222.148
 88300 221.691
 88400 221.241
 88500 220.797
 88600 220.359
 88700 219.927
 88800 219.502
 88900 219.083
 89000 218.670
 89100 218.263
 89200 217.863
 89300 217.470
 89400 217.083
 89500 216.703
 89600 216.329
 89700 215.963
 89800 215.603
 89900 215.249
 90000 214.903
 90100 214.564
 90200 214.232
 90300 213.907
 90400 213.589
 90500 213.278
 90600 212.974
 90700 212.678
 90800 212.389
 90900 212.106
 91000 211.832
 91100 211.564
 91200 211.305
 91300 211.053
 91400 210.808
 91500 210.571
 91600 210.341
 91700 210.120
 91800 209.905
 91900 209.699
 92000 209.500
 92100 209.309
 92200 209.126
 92300 208.950
 92400 208.782
 92500 208.622
 92600 208.470
 92700 208.326
 92800 208.190
 92900 208.062
 93000 207.942
 93100 207.829
 93200 207.725
 93300 207.629
 93400 207.540
 93500 207.460
 93600 207.388
 93700 207.324
 93800 207.268
 93900 207.219
 94000 207.179
 94100 207.147
 94200 207.123
 94300 207.108
 94400 207.100
 94500 207.101
 94600 207.108
 94700 207.126
 94800 207.150
 94900 207.182
 95000 207.223
 95100 207.271
 95200 207.328
 95300 207.392
 95400 207.465
 95500 207.545
 95600 207.634
 95700 207.730
 95800 207.834
 95900 207.946
 96000 208.066
 96100 208.194
 96200 208.329
 96300 208.473
 96400 208.624
 96500 208.783
 96600 208.948
 96700 209.123
 96800 209.305
 96900 209.494
 97000 209.690
 97100 209.895
 97200 210.106
 97300 210.326
 97400 210.552
 97500 210.786
 97600 211.026
 97700 211.275
 97800 211.530
 97900 211.793
 98000 212.063
 98100 212.340
 98200 212.623
 98300 212.914
 98400 213.212
 98500 213.517
 98600 213.828
 98700 214.146
 98800 214.471
 98900 214.802
 99000 215.140
 99100 215.485
 99200 215.836
 99300 216.193
 99400 216.557
 99500 216.927
 99600 217.303
 99700 217.685
 99800 218.075
 99900 218.469
100000 218.869
100100 219.277
100200 219.689
100300 220.107
100400 220.531
100500 220.961
100600 221.396
100700 221.837
100800 222.284
100900 222.736
101000 223.192
101100 223.655
101200 224.123
101300 224.596
101400 225.074
101500 225.557
101600 226.045
101700 226.539
101800 227.036
101900 227.539
102000 228.046
102100 228.559
102200 229.075
102300 229.596
102400 230.122
102500 230.652
102600 231.187
102700 231.725
102800 232.269
102900 232.815
103000 233.367
103100 233.922
103200 234.481
103300 235.044
103400 235.611
103500 236.182
103600 236.756
103700 237.335
103800 237.916
103900 238.501
104000 239.090
104100 239.682
104200 240.277
104300 240.876
104400 241.478
104500 242.083
104600 242.692
104700 243.303
104800 243.917
104900 244.534
105000 245.155
105100 245.777
105200 246.403
105300 247.031
105400 247.663
105500 248.296
105600 248.932
105700 249.571
105800 250.213
105900 250.855
106000 251.501
106100 252.149
106200 252.800
106300 253.452
106400 254.108
106500 254.764
106600 255.423
106700 256.083
106800 256.747
106900 257.411
107000 258.077
107100 258.746
107200 259.415
107300 260.087
107400 260.760
107500 261.435
107600 262.111
107700 262.789
107800 263.468
107900 264.149
108000 264.831
108100 265.514
108200 266.199
108300 266.885
108400 267.572
108500 268.261
108600 268.949
108700 269.640
108800 270.331
108900 271.024
109000 271.717
109100 272.411
109200 273.108
109300 273.803
109400 274.500
109500 275.198
109600 275.896
109700 276.595
109800 277.295
109900 277.995
110000 278.696
110100 279.397
110200 280.100
110300 280.802
110400 281.505
110500 282.208
110600 282.912
110700 283.616
110800 284.321
110900 285.026
111000 285.730
111100 286.436
111200 287.141
111300 287.847
111400 288.552
111500 289.258
111600 289.964
111700 290.670
111800 291.377
111900 292.082
112000 292.789
112100 293.494
112200 294.201
112300 294.907
112400 295.612
112500 296.318
112600 297.023
112700 297.729
112800 298.433
112900 299.138
113000 299.843
113100 300.547
113200 301.251
113300 301.954
113400 302.658
113500 303.361
113600 304.063
113700 304.765
113800 305.467
113900 306.167
114000 306.869
114100 307.568
114200 308.268
114300 308.968
114400 309.666
114500 310.364
114600 311.062
114700 311.759
114800 312.454
114900 313.150
115000 313.845
115100 314.539
115200 315.233
115300 315.926
115400 316.617
115500 317.309
115600 318.000
115700 318.689
115800 319.378
115900 320.067
116000 320.755
116100 321.441
116200 322.127
116300 322.812
116400 323.497
116500 324.179
116600 324.862
116700 325.544
116800 326.223
116900 326.903
117000 327.582
117100 328.260
117200 328.936
117300 329.613
117400 330.288
117500 330.961
117600 331.634
117700 332.306
117800 332.977
117900 333.646
118000 334.315
118100 334.983
118200 335.650
118300 336.315
118400 336.980
118500 337.643
118600 338.306
118700 338.966
118800 339.627
118900 340.286
119000 340.944
119100 341.600
119200 342.256
119300 342.911
119400 343.563
119500 344.216
119600 344.867
119700 345.517
119800 346.165
119900 346.813
120000 347.459
120100 348.104
120200 348.747
120300 349.390
120400 350.032
120500 350.671
120600 351.311
120700 351.948
120800 352.585
120900 353.220
121000 353.854
121100 354.487
121200 355.119
121300 355.748
121400 356.377
121500 357.005
121600 357.631
121700 358.256
121800 358.880
121900 359.502
122000 360.124
122100 360.744
122200 361.363
122300 361.979
122400 362.596
122500 363.211
122600 363.824
122700 364.436
122800 365.047
122900 365.657
123000 366.264
123100 366.871
123200 367.477
123300 368.081
123400 368.684
123500 369.286
123600 369.885
123700 370.484
123800 371.082
123900 371.678
124000 372.273
124100 372.867
124200 373.458
124300 374.050
124400 374.639
124500 375.227
124600 375.814
124700 376.400
124800 376.984
124900 377.566
125000 378.148
125100 378.728
125200 379.306
125300 379.884
125400 380.461
125500 381.035
125600 381.608
125700 382.180
125800 382.750
125900 383.320
126000 383.887
126100 384.454
126200 385.020
126300 385.583
126400 386.146
126500 386.707
126600 387.266
126700 387.825
126800 388.383
126900 388.938
127000 389.493
127100 390.046
127200 390.597
127300 391.148
127400 391.696
127500 392.244
127600 392.791
127700 393.335
127800 393.879
127900 394.422
128000 394.962
128100 395.502
128200 396.040
128300 396.577
128400 397.113
128500 397.647
128600 398.180
128700 398.712
128800 399.242
128900 399.771
129000 400.298
129100 400.825
129200 401.350
129300 401.873
129400 402.396
129500 402.916
129600 403.436
129700 403.955
129800 404.471
129900 404.987
130000 405.501
130100 406.015
130200 406.527
130300 407.037
130400 407.546
130500 408.053
130600 408.560
130700 409.066
130800 409.569
130900 410.073
131000 410.573
131100 411.074
131200 411.572
131300 412.070
131400 412.567
131500 413.061
131600 413.555
131700 414.047
131800 414.538
131900 415.028
132000 415.517
132100 416.004
132200 416.490
132300 416.975
132400 417.458
132500 417.941
132600 418.421
132700 418.901
132800 419.379
132900 419.857
133000 420.333
133100 420.807
133200 421.281
133300 421.753
133400 422.224
133500 422.694
133600 423.163
133700 423.629
133800 424.096
133900 424.560
134000 425.024
134100 425.486
134200 425.948
134300 426.408
134400 426.866
134500 427.324
134600 427.780
134700 428.236
134800 428.689
134900 429.143
135000 429.594
135100 430.044
135200 430.493
135300 430.942
135400 431.388
135500 431.834
135600 432.278
135700 432.722
135800 433.163
135900 433.605
136000 434.044
136100 434.483
136200 434.920
136300 435.356
136400 435.791
136500 436.226
136600 436.658
136700 437.090
136800 437.520
136900 437.950
137000 438.378
137100 438.805
137200 439.231
137300 439.656
137400 440.079
137500 440.502
137600 440.923
137700 441.344
137800 441.763
137900 442.181
138000 442.598
138100 443.014
138200 443.428
138300 443.843
138400 444.255
138500 444.667
138600 445.077
138700 445.486
138800 445.894
138900 446.302
139000 446.707
139100 447.112
139200 447.516
139300 447.918
139400 448.321
139500 448.721
139600 449.121
139700 449.519
139800 449.917
139900 450.313
140000 450.709
140100 451.103
140200 451.497
140300 451.888
140400 452.279
140500 452.670
140600 453.058
140700 453.447
140800 453.834
140900 454.220
141000 454.605
141100 454.989
141200 455.372
141300 455.753
141400 456.135
141500 456.514
141600 456.894
141700 457.271
141800 457.649
141900 458.024
142000 458.399
142100 458.773
142200 459.146
142300 459.518
142400 459.889
142500 460.259
142600 460.628
142700 460.995
142800 461.363
142900 461.728
143000 462.094
143100 462.458
143200 462.822
143300 463.183
143400 463.544
143500 463.905
143600 464.264
143700 464.623
143800 464.980
143900 465.337
144000 465.692
144100 466.047
144200 466.401
144300 466.753
144400 467.106
144500 467.456
144600 467.806
144700 468.155
144800 468.503
144900 468.851
145000 469.197
145100 469.542
145200 469.887
145300 470.230
145400 470.574
145500 470.915
145600 471.256
145700 471.596
145800 471.935
145900 472.274
146000 472.611
146100 472.947
146200 473.283
146300 473.618
146400 473.951
146500 474.285
146600 474.616
146700 474.948
146800 475.278
146900 475.607
147000 475.937
147100 476.264
147200 476.591
147300 476.917
147400 477.242
147500 477.567
147600 477.890
147700 478.213
147800 478.535
147900 478.856
148000 479.176
148100 479.496
148200 479.814
148300 480.132
148400 480.449
148500 480.765
148600 481.080
148700 481.395
148800 481.708
148900 482.021
149000 482.333
149100 482.645
149200 482.955
149300 483.264
149400 483.574
149500 483.881
149600 484.188
149700 484.495
149800 484.801
149900 485.105
150000 485.410
150100 485.713
150200 486.015
150300 486.317
150400 486.618
150500 486.918
150600 487.218
150700 487.516
150800 487.814
150900 488.111
151000 488.408
151100 488.704
151200 488.998
151300 489.292
151400 489.586
151500 489.878
151600 490.170
151700 490.462
151800 490.752
151900 491.041
152000 491.331
152100 491.619
152200 491.906
152300 492.193
152400 492.479
152500 492.764
152600 493.049
152700 493.332
152800 493.615
152900 493.898
153000 494.180
153100 494.460
153200 494.740
153300 495.020
153400 495.299
153500 495.577
153600 495.855
153700 496.131
153800 496.407
153900 496.683
154000 496.957
154100 497.231
154200 497.505
154300 497.777
154400 498.049
154500 498.321
154600 498.591
154700 498.861
154800 499.130
154900 499.399
155000 499.666
155100 499.933
155200 500.200
155300 500.466
155400 500.731
155500 500.996
155600 501.260
155700 501.523
155800 501.786
155900 502.047
156000 502.308
156100 502.570
156200 502.829
156300 503.088
156400 503.347
156500 503.606
156600 503.863
156700 504.119
156800 504.376
156900 504.631
157000 504.886
157100 505.140
157200 505.394
157300 505.647
157400 505.899
157500 506.151
157600 506.402
157700 506.652
157800 506.903
157900 507.152
158000 507.400
158100 507.648
158200 507.896
158300 508.143
158400 508.389
158500 508.635
158600 508.880
158700 509.124
158800 509.368
158900 509.612
159000 509.854
159100 510.096
159200 510.337
159300 510.579
159400 510.819
159500 511.058
159600 511.298
159700 511.537
159800 511.774
159900 512.011
160000 512.249
160100 512.485
160200 512.720
160300 512.955
160400 513.191
160500 513.424
160600 513.657
160700 513.891
160800 514.123
160900 514.355
161000 514.586
161100 514.817
161200 515.047
161300 515.276
161400 515.505
161500 515.734
161600 515.962
161700 516.189
161800 516.416
161900 516.642
162000 516.868
162100 517.093
162200 517.318
162300 517.542
162400 517.765
162500 517.988
162600 518.211
162700 518.433
162800 518.654
162900 518.875
163000 519.096
163100 519.316
163200 519.535
163300 519.754
163400 519.973
163500 520.190
163600 520.407
163700 520.624
163800 520.841
163900 521.056
164000 521.271
164100 521.486
164200 521.701
164300 521.915
164400 522.128
164500 522.340
164600 522.553
164700 522.765
164800 522.976
164900 523.186
165000 523.397
165100 523.607
165200 523.816
165300 524.024
165400 524.233
165500 524.441
165600 524.648
165700 524.855
165800 525.061
165900 525.268
166000 525.473
166100 525.678
166200 525.882
166300 526.087
166400 526.290
166500 526.493
166600 526.695
166700 526.898
166800 527.099
166900 527.300
167000 527.501
167100 527.702
167200 527.901
167300 528.101
167400 528.299
167500 528.497
167600 528.696
167700 528.894
167800 529.090
167900 529.287
168000 529.484
168100 529.679
168200 529.874
168300 530.069
168400 530.263
168500 530.458
168600 530.651
168700 530.844
168800 531.036
168900 531.229
169000 531.421
169100 531.612
169200 531.802
169300 531.993
169400 532.184
169500 532.373
169600 532.562
169700 532.750
169800 532.939
169900 533.127
170000 533.314
170100 533.501
170200 533.687
170300 533.874
170400 534.060
170500 534.245
170600 534.430
170700 534.615
170800 534.799
170900 534.983
171000 535.166
171100 535.348
171200 535.532
171300 535.713
171400 535.895
171500 536.076
171600 536.256
171700 536.438
171800 536.618
171900 536.797
172000 536.976
172100 537.155
172200 537.334
172300 537.512
172400 537.689
172500 537.866
172600 538.043
172700 538.220
172800 538.396
172900 538.571
173000 538.746
173100 538.922
173200 539.097
173300 539.270
173400 539.444
173500 539.617
173600 539.791
173700 539.963
173800 540.135
173900 540.307
174000 540.478
174100 540.650
174200 540.821
174300 540.991
174400 541.161
174500 541.330
174600 541.499
174700 541.669
174800 541.837
174900 542.005
175000 542.173
175100 542.340
175200 542.508
175300 542.674
175400 542.840
175500 543.006
175600 543.172
175700 543.338
175800 543.502
175900 543.667
176000 543.831
176100 543.994
176200 544.158
176300 544.321
176400 544.484
176500 544.646
176600 544.808
176700 544.970
176800 545.132
176900 545.293
177000 545.453
177100 545.613
177200 545.773
177300 545.933
177400 546.092
177500 546.251
177600 546.410
177700 546.568
177800 546.726
177900 546.884
178000 547.041
178100 547.198
178200 547.354
178300 547.510
178400 547.667
178500 547.822
178600 547.977
178700 548.132
178800 548.287
178900 548.442
179000 548.596
179100 548.749
179200 548.902
179300 549.055
179400 549.207
179500 549.361
179600 549.512
179700 549.664
179800 549.815
179900 549.966
180000 550.116
180100 550.268
180200 550.418
180300 550.567
180400 550.717
180500 550.866
180600 551.014
180700 551.164
180800 551.312
180900 551.459
181000 551.607
181100 551.754
181200 551.901
181300 552.048
181400 552.195
181500 552.340
181600 552.486
181700 552.631
181800 552.777
181900 552.922
182000 553.066
182100 553.211
182200 553.354
182300 553.498
182400 553.642
182500 553.785
182600 553.928
182700 554.070
182800 554.212
182900 554.354
183000 554.495
183100 554.637
183200 554.778
183300 554.919
183400 555.059
183500 555.199
183600 555.339
183700 555.479
183800 555.618
183900 555.757
184000 555.896
184100 556.034
184200 556.172
184300 556.311
184400 556.448
184500 556.585
184600 556.722
184700 556.859
184800 556.995
184900 557.132
185000 557.268
185100 557.404
185200 557.539
185300 557.674
185400 557.808
185500 557.943
185600 558.078
185700 558.212
185800 558.345
185900 558.479
186000 558.612
186100 558.745
186200 558.878
186300 559.010
186400 559.142
186500 559.274
186600 559.405
186700 559.537
186800 559.668
186900 559.799
187000 559.930
187100 560.060
187200 560.190
187300 560.319
187400 560.449
187500 560.579
187600 560.708
187700 560.836
187800 560.965
187900 561.093
188000 561.221
188100 561.348
188200 561.476
188300 561.603
188400 561.730
188500 561.857
188600 561.983
188700 562.109
188800 562.235
188900 562.362
189000 562.487
189100 562.612
189200 562.737
189300 562.861
189400 562.986
189500 563.110
189600 563.235
189700 563.358
189800 563.482
189900 563.605
190000 563.728
190100 563.850
190200 563.973
190300 564.096
190400 564.218
190500 564.339
190600 564.461
190700 564.582
190800 564.703
190900 564.824
191000 564.945
191100 565.066
191200 565.186
191300 565.305
191400 565.425
191500 565.544
191600 565.663
191700 565.783
191800 565.902
191900 566.020
192000 566.138
192100 566.256
192200 566.374
192300 566.492
192400 566.609
192500 566.727
192600 566.844
192700 566.960
192800 567.077
192900 567.193
193000 567.309
193100 567.424
193200 567.541
193300 567.656
193400 567.771
193500 567.886
193600 568.001
193700 568.115
193800 568.229
193900 568.343
194000 568.458
194100 568.571
194200 568.684
194300 568.798
194400 568.910
194500 569.023
194600 569.135
194700 569.249
194800 569.361
194900 569.472
195000 569.584
195100 569.695
195200 569.807
195300 569.917
195400 570.028
195500 570.140
195600 570.250
195700 570.360
195800 570.470
195900 570.580
196000 570.689
196100 570.798
196200 570.907
196300 571.017
196400 571.126
196500 571.234
196600 571.343
196700 571.451
196800 571.559
196900 571.666
197000 571.774
197100 571.882
197200 571.989
197300 572.096
197400 572.202
197500 572.309
197600 572.415
197700 572.521
197800 572.627
197900 572.734
198000 572.839
198100 572.944
198200 573.049
198300 573.154
198400 573.259
198500 573.363
198600 573.468
198700 573.573
198800 573.677
198900 573.780
199000 573.884
199100 573.987
199200 574.090
199300 574.193
199400 574.296
199500 574.399
199600 574.502
199700 574.604
199800 574.706
199900 574.808
200000 574.910
