     0 340.686
   100 340.686
   200 340.686
   300 340.686
   400 340.686
   500 340.686
   600 340.686
   700 340.686
   800 340.686
   900 340.686
  1000 340.686
  1100 340.686
  1200 340.686
  1300 340.686
  1400 340.686
  1500 340.686
  1600 340.686
  1700 340.686
  1800 340.686
  1900 340.686
  2000 340.686
  2100 340.686
  2200 340.686
  2300 340.686
  2400 340.686
  2500 340.686
  2600 340.686
  2700 340.686
  2800 340.686
  2900 340.686
  3000 340.686
  3100 340.686
  3200 340.686
  3300 340.686
  3400 340.686
  3500 340.686
  3600 340.686
  3700 340.686
  3800 340.686
  3900 340.686
  4000 340.686
  4100 340.686
  4200 340.686
  4300 340.686
  4400 340.686
  4500 340.686
  4600 340.686
  4700 340.686
  4800 340.686
  4900 340.686
  5000 340.686
  5100 340.686
  5200 340.686
  5300 340.686
  5400 340.686
  5500 340.686
  5600 340.686
  5700 340.686
  5800 340.686
  5900 340.686
  6000 340.686
  6100 340.686
  6200 340.686
  6300 340.686
  6400 340.686
  6500 340.686
  6600 340.686
  6700 340.686
  6800 340.686
  6900 340.686
  7000 340.686
  7100 340.686
  7200 340.686
  7300 340.686
  7400 340.686
  7500 340.686
  7600 340.686
  7700 340.686
  7800 340.686
  7900 340.686
  8000 340.686
  8100 340.686
  8200 340.686
  8300 340.686
  8400 340.686
  8500 340.686
  8600 340.686
  8700 340.686
  8800 340.686
  8900 340.686
  9000 340.686
  9100 340.686
  9200 340.686
  9300 340.686
  9400 340.686
  9500 340.686
  9600 340.686
  9700 340.686
  9800 340.686
  9900 340.686
 10000 340.686
 10100 340.686
 10200 340.686
 10300 340.686
 10400 340.686
 10500 340.686
 10600 340.686
 10700 340.686
 10800 340.686
 10900 340.686
 11000 340.686
 11100 340.686
 11200 340.686
 11300 340.686
 11400 340.686
 11500 340.686
 11600 340.686
 11700 340.686
 11800 340.686
 11900 340.686
 12000 340.686
 12100 340.686
 12200 340.686
 12300 340.686
 12400 340.686
 12500 340.686
 12600 340.686
 12700 340.686
 12800 340.686
 12900 340.686
 13000 340.686
 13100 340.686
 13200 340.686
 13300 340.686
 13400 340.686
 13500 340.686
 13600 340.686
 13700 340.686
 13800 340.686
 13900 340.686
 14000 340.686
 14100 340.686
 14200 340.686
 14300 340.686
 14400 340.686
 14500 340.686
 14600 340.686
 14700 340.686
 14800 340.686
 14900 340.686
 15000 340.686
 15100 340.686
 15200 340.686
 15300 340.686
 15400 340.686
 15500 340.686
 15600 340.686
 15700 340.686
 15800 340.686
 15900 340.686
 16000 340.686
 16100 340.686
 16200 340.686
 16300 340.686
 16400 340.686
 16500 340.686
 16600 340.686
 16700 340.686
 16800 340.686
 16900 340.686
 17000 340.686
 17100 340.686
 17200 340.686
 17300 340.686
 17400 340.686
 17500 340.686
 17600 340.686
 17700 340.686
 17800 340.686
 17900 340.686
 18000 340.686
 18100 340.686
 18200 340.686
 18300 340.686
 18400 340.686
 18500 340.686
 18600 340.686
 18700 340.686
 18800 340.686
 18900 340.686
 19000 340.686
 19100 340.686
 19200 340.686
 19300 340.686
 19400 340.686
 19500 340.686
 19600 340.686
 19700 340.686
 19800 340.686
 19900 340.686
 20000 340.686
 20100 340.686
 20200 340.686
 20300 340.686
 20400 340.686
 20500 340.686
 20600 340.686
 20700 340.686
 20800 340.686
 20900 340.686
 21000 340.686
 21100 340.686
 21200 340.686
 21300 340.686
 21400 340.686
 21500 340.686
 21600 340.686
 21700 340.686
 21800 340.686
 21900 340.686
 22000 340.686
 22100 340.686
 22200 340.686
 22300 340.686
 22400 340.686
 22500 340.686
 22600 340.686
 22700 340.686
 22800 340.686
 22900 340.686
 23000 340.686
 23100 340.686
 23200 340.686
 23300 340.686
 23400 340.686
 23500 340.686
 23600 340.686
 23700 340.686
 23800 340.686
 23900 340.686
 24000 340.686
 24100 340.686
 24200 340.686
 24300 340.686
 24400 340.686
 24500 340.686
 24600 340.686
 24700 340.686
 24800 340.686
 24900 340.686
 25000 340.686
 25100 340.686
 25200 340.686
 25300 340.686
 25400 340.686
 25500 340.686
 25600 340.686
 25700 340.686
 25800 340.686
 25900 340.686
 26000 340.686
 26100 340.686
 26200 340.686
 26300 340.686
 26400 340.686
 26500 340.686
 26600 340.686
 26700 340.686
 26800 340.686
 26900 340.686
 27000 340.686
 27100 340.686
 27200 340.686
 27300 340.686
 27400 340.686
 27500 340.686
 27600 340.686
 27700 340.686
 27800 340.686
 27900 340.686
 28000 340.686
 28100 340.686
 28200 340.686
 28300 340.686
 28400 340.686
 28500 340.686
 28600 340.686
 28700 340.686
 28800 340.686
 28900 340.686
 29000 340.686
 29100 340.686
 29200 340.686
 29300 340.686
 29400 340.686
 29500 340.686
 29600 340.686
 29700 340.686
 29800 340.686
 29900 340.686
 30000 340.686
 30100 340.686
 30200 340.686
 30300 340.686
 30400 340.686
 30500 340.686
 30600 340.686
 30700 340.686
 30800 340.686
 30900 340.686
 31000 340.686
 31100 340.686
 31200 340.686
 31300 340.686
 31400 340.686
 31500 340.686
 31600 340.686
 31700 340.686
 31800 340.686
 31900 340.686
 32000 340.686
 32100 340.686
 32200 340.686
 32300 340.686
 32400 340.686
 32500 340.686
 32600 340.686
 32700 340.686
 32800 340.686
 32900 340.686
 33000 340.686
 33100 340.686
 33200 340.686
 33300 340.686
 33400 340.686
 33500 340.686
 33600 340.686
 33700 340.686
 33800 340.686
 33900 340.686
 34000 340.686
 34100 340.686
 34200 340.686
 34300 340.686
 34400 340.686
 34500 340.686
 34600 340.686
 34700 340.686
 34800 340.686
 34900 340.686
 35000 340.686
 35100 340.686
 35200 340.686
 35300 340.686
 35400 340.686
 35500 340.686
 35600 340.686
 35700 340.686
 35800 340.686
 35900 340.686
 36000 340.686
 36100 340.686
 36200 340.686
 36300 340.686
 36400 340.686
 36500 340.686
 36600 340.686
 36700 340.686
 36800 340.686
 36900 340.686
 37000 340.686
 37100 340.686
 37200 340.686
 37300 340.686
 37400 340.686
 37500 340.686
 37600 340.686
 37700 340.686
 37800 340.686
 37900 340.686
 38000 340.686
 38100 340.686
 38200 340.686
 38300 340.686
 38400 340.686
 38500 340.686
 38600 340.686
 38700 340.686
 38800 340.686
 38900 340.686
 39000 340.686
 39100 340.686
 39200 340.686
 39300 340.686
 39400 340.686
 39500 340.686
 39600 340.686
 39700 340.686
 39800 340.686
 39900 340.686
 40000 340.686
 40100 340.686
 40200 340.686
 40300 340.686
 40400 340.686
 40500 340.686
 40600 340.686
 40700 340.686
 40800 340.686
 40900 340.686
 41000 340.686
 41100 340.686
 41200 340.686
 41300 340.686
 41400 340.686
 41500 340.686
 41600 340.686
 41700 340.686
 41800 340.686
 41900 340.686
 42000 340.686
 42100 340.686
 42200 340.686
 42300 340.686
 42400 340.686
 42500 340.686
 42600 340.686
 42700 340.686
 42800 340.686
 42900 340.686
 43000 340.686
 43100 340.686
 43200 340.686
 43300 340.686
 43400 340.686
 43500 340.686
 43600 340.686
 43700 340.686
 43800 340.686
 43900 340.686
 44000 340.686
 44100 340.686
 44200 340.686
 44300 340.686
 44400 340.686
 44500 340.686
 44600 340.686
 44700 340.686
 44800 340.686
 44900 340.686
 45000 340.686
 45100 340.686
 45200 340.686
 45300 340.686
 45400 340.686
 45500 340.686
 45600 340.686
 45700 340.686
 45800 340.686
 45900 340.686
 46000 340.686
 46100 340.686
 46200 340.686
 46300 340.686
 46400 340.686
 46500 340.686
 46600 340.686
 46700 340.686
 46800 340.686
 46900 340.686
 47000 340.686
 47100 340.686
 47200 340.686
 47300 340.686
 47400 340.686
 47500 340.686
 47600 340.686
 47700 340.686
 47800 340.686
 47900 340.686
 48000 340.686
 48100 340.686
 48200 340.686
 48300 340.686
 48400 340.686
 48500 340.686
 48600 340.686
 48700 340.686
 48800 340.686
 48900 340.686
 49000 340.686
 49100 340.686
 49200 340.686
 49300 340.686
 49400 340.686
 49500 340.686
 49600 340.686
 49700 340.686
 49800 340.686
 49900 340.686
 50000 340.686
 50100 340.686
 50200 340.686
 50300 340.686
 50400 340.686
 50500 340.686
 50600 340.686
 50700 340.686
 50800 340.686
 50900 340.686
 51000 340.686
 51100 340.686
 51200 340.686
 51300 340.686
 51400 340.686
 51500 340.686
 51600 340.686
 51700 340.686
 51800 340.686
 51900 340.686
 52000 340.686
 52100 340.686
 52200 340.686
 52300 340.686
 52400 340.686
 52500 340.686
 52600 340.686
 52700 340.686
 52800 340.686
 52900 340.686
 53000 340.686
 53100 340.686
 53200 340.686
 53300 340.686
 53400 340.686
 53500 340.686
 53600 340.686
 53700 340.686
 53800 340.686
 53900 340.686
 54000 340.686
 54100 340.686
 54200 340.686
 54300 340.686
 54400 340.686
 54500 340.686
 54600 340.686
 54700 340.686
 54800 340.686
 54900 340.686
 55000 340.686
 55100 340.686
 55200 340.686
 55300 340.686
 55400 340.686
 55500 340.686
 55600 340.686
 55700 340.686
 55800 340.686
 55900 340.686
 56000 340.686
 56100 340.686
 56200 340.686
 56300 340.686
 56400 340.686
 56500 340.686
 56600 340.686
 56700 340.686
 56800 340.686
 56900 340.686
 57000 340.686
 57100 340.686
 57200 340.686
 57300 340.686
 57400 340.686
 57500 340.686
 57600 340.686
 57700 340.686
 57800 340.686
 57900 340.686
 58000 340.686
 58100 340.686
 58200 340.686
 58300 340.686
 58400 340.686
 58500 340.686
 58600 340.686
 58700 340.686
 58800 340.686
 58900 340.686
 59000 340.686
 59100 340.686
 59200 340.686
 59300 340.686
 59400 340.686
 59500 340.686
 59600 340.686
 59700 340.686
 59800 340.686
 59900 340.686
 60000 340.686
 60100 340.686
 60200 340.686
 60300 340.686
 60400 340.686
 60500 340.686
 60600 340.686
 60700 340.686
 60800 340.686
 60900 340.686
 61000 340.686
 61100 340.686
 61200 340.686
 61300 340.686
 61400 340.686
 61500 340.686
 61600 340.686
 61700 340.686
 61800 340.686
 61900 340.686
 62000 340.686
 62100 340.686
 62200 340.686
 62300 340.686
 62400 340.686
 62500 340.686
 62600 340.686
 62700 340.686
 62800 340.686
 62900 340.686
 63000 340.686
 63100 340.686
 63200 340.686
 63300 340.686
 63400 340.686
 63500 340.686
 63600 340.686
 63700 340.686
 63800 340.686
 63900 340.686
 64000 340.686
 64100 340.686
 64200 340.686
 64300 340.686
 64400 340.686
 64500 340.686
 64600 340.686
 64700 340.686
 64800 340.686
 64900 340.686
 65000 340.686
 65100 340.686
 65200 340.686
 65300 340.686
 65400 340.686
 65500 340.686
 65600 340.686
 65700 340.686
 65800 340.686
 65900 340.686
 66000 340.686
 66100 340.686
 66200 340.686
 66300 340.686
 66400 340.686
 66500 340.686
 66600 340.686
 66700 340.686
 66800 340.686
 66900 340.686
 67000 340.686
 67100 340.686
 67200 340.686
 67300 340.686
 67400 340.686
 67500 340.686
 67600 340.686
 67700 340.686
 67800 340.686
 67900 340.686
 68000 340.686
 68100 340.686
 68200 340.686
 68300 340.686
 68400 340.686
 68500 340.686
 68600 340.686
 68700 340.686
 68800 340.686
 68900 340.686
 69000 340.686
 69100 340.686
 69200 340.686
 69300 340.686
 69400 340.686
 69500 340.686
 69600 340.686
 69700 340.686
 69800 340.686
 69900 340.686
 70000 340.686
 70100 340.686
 70200 340.686
 70300 340.686
 70400 340.686
 70500 340.686
 70600 340.686
 70700 340.686
 70800 340.686
 70900 340.686
 71000 340.686
 71100 340.686
 71200 340.686
 71300 340.686
 71400 340.686
 71500 340.686
 71600 340.686
 71700 340.686
 71800 340.686
 71900 340.686
 72000 340.686
 72100 340.686
 72200 340.686
 72300 340.686
 72400 340.686
 72500 340.686
 72600 340.686
 72700 340.686
 72800 340.686
 72900 340.686
 73000 340.686
 73100 340.686
 73200 340.686
 73300 340.686
 73400 340.686
 73500 340.686
 73600 340.686
 73700 340.686
 73800 340.686
 73900 340.686
 74000 340.686
 74100 340.686
 74200 340.686
 74300 340.686
 74400 340.686
 74500 340.686
 74600 340.686
 74700 340.686
 74800 340.686
 74900 340.686
 75000 340.686
 75100 340.686
 75200 340.686
 75300 340.686
 75400 340.686
 75500 340.686
 75600 340.686
 75700 340.686
 75800 340.686
 75900 340.686
 76000 340.686
 76100 340.686
 76200 340.686
 76300 340.686
 76400 340.686
 76500 340.686
 76600 340.686
 76700 340.686
 76800 340.686
 76900 340.686
 77000 340.686
 77100 340.686
 77200 340.686
 77300 340.686
 77400 340.686
 77500 340.686
 77600 340.686
 77700 340.686
 77800 340.686
 77900 340.686
 78000 340.686
 78100 340.686
 78200 340.686
 78300 340.686
 78400 340.686
 78500 340.686
 78600 340.686
 78700 340.686
 78800 340.686
 78900 340.686
 79000 340.686
 79100 340.686
 79200 340.686
 79300 340.686
 79400 340.686
 79500 340.686
 79600 340.686
 79700 340.686
 79800 340.686
 79900 340.686
 80000 340.686
 80100 340.686
 80200 340.686
 80300 340.686
 80400 340.686
 80500 340.686
 80600 340.686
 80700 340.686
 80800 340.686
 80900 340.686
 81000 340.686
 81100 340.686
 81200 340.686
 81300 340.686
 81400 340.686
 81500 340.686
 81600 340.686
 81700 340.686
 81800 340.686
 81900 340.686
 82000 340.686
 82100 340.686
 82200 340.686
 82300 340.686
 82400 340.686
 82500 340.686
 82600 340.686
 82700 340.686
 82800 340.686
 82900 340.686
 83000 340.686
 83100 340.686
 83200 340.686
 83300 340.686
 83400 340.686
 83500 340.686
 83600 340.686
 83700 340.686
 83800 340.686
 83900 340.686
 84000 340.686
 84100 340.686
 84200 340.686
 84300 340.686
 84400 340.686
 84500 340.686
 84600 340.686
 84700 340.686
 84800 340.686
 84900 340.686
 85000 340.686
 85100 340.686
 85200 340.686
 85300 340.686
 85400 340.686
 85500 340.686
 85600 340.686
 85700 340.686
 85800 340.686
 85900 340.686
 86000 340.686
 86100 340.686
 86200 340.686
 86300 340.686
 86400 340.686
 86500 340.686
 86600 340.686
 86700 340.686
 86800 340.686
 86900 340.686
 87000 340.686
 87100 340.686
 87200 340.686
 87300 340.686
 87400 340.686
 87500 340.686
 87600 340.686
 87700 340.686
 87800 340.686
 87900 340.686
 88000 340.686
 88100 340.686
 88200 340.686
 88300 340.686
 88400 340.686
 88500 340.686
 88600 340.686
 88700 340.686
 88800 340.686
 88900 340.686
 89000 340.686
 89100 340.686
 89200 340.686
 89300 340.686
 89400 340.686
 89500 340.686
 89600 340.686
 89700 340.686
 89800 340.686
 89900 340.686
 90000 340.686
 90100 340.686
 90200 340.686
 90300 340.686
 90400 340.686
 90500 340.686
 90600 340.686
 90700 340.686
 90800 340.686
 90900 340.686
 91000 340.686
 91100 340.686
 91200 340.686
 91300 340.686
 91400 340.686
 91500 340.686
 91600 340.686
 91700 340.686
 91800 340.686
 91900 340.686
 92000 340.686
 92100 340.686
 92200 340.686
 92300 340.686
 92400 340.686
 92500 340.686
 92600 340.686
 92700 340.686
 92800 340.686
 92900 340.686
 93000 340.686
 93100 340.686
 93200 340.686
 93300 340.686
 93400 340.686
 93500 340.686
 93600 340.686
 93700 340.686
 93800 340.686
 93900 340.686
 94000 340.686
 94100 340.686
 94200 340.686
 94300 340.686
 94400 340.686
 94500 340.686
 94600 340.686
 94700 340.686
 94800 340.686
 94900 340.686
 95000 340.686
 95100 340.686
 95200 340.686
 95300 340.686
 95400 340.686
 95500 340.686
 95600 340.686
 95700 340.686
 95800 340.686
 95900 340.686
 96000 340.686
 96100 340.686
 96200 340.686
 96300 340.686
 96400 340.686
 96500 340.686
 96600 340.686
 96700 340.686
 96800 340.686
 96900 340.686
 97000 340.686
 97100 340.686
 97200 340.686
 97300 340.686
 97400 340.686
 97500 340.686
 97600 340.686
 97700 340.686
 97800 340.686
 97900 340.686
 98000 340.686
 98100 340.686
 98200 340.686
 98300 340.686
 98400 340.686
 98500 340.686
 98600 340.686
 98700 340.686
 98800 340.686
 98900 340.686
 99000 340.686
 99100 340.686
 99200 340.686
 99300 340.686
 99400 340.686
 99500 340.686
 99600 340.686
 99700 340.686
 99800 340.686
 99900 340.686
100000 340.686
100100 340.686
100200 340.686
100300 340.686
100400 340.686
100500 340.686
100600 340.686
100700 340.686
100800 340.686
100900 340.686
101000 340.686
101100 340.686
101200 340.686
101300 340.686
101400 340.686
101500 340.686
101600 340.686
101700 340.686
101800 340.686
101900 340.686
102000 340.686
102100 340.686
102200 340.686
102300 340.686
102400 340.686
102500 340.686
102600 340.686
102700 340.686
102800 340.686
102900 340.686
103000 340.686
103100 340.686
103200 340.686
103300 340.686
103400 340.686
103500 340.686
103600 340.686
103700 340.686
103800 340.686
103900 340.686
104000 340.686
104100 340.686
104200 340.686
104300 340.686
104400 340.686
104500 340.686
104600 340.686
104700 340.686
104800 340.686
104900 340.686
105000 340.686
105100 340.686
105200 340.686
105300 340.686
105400 340.686
105500 340.686
105600 340.686
105700 340.686
105800 340.686
105900 340.686
106000 340.686
106100 340.686
106200 340.686
106300 340.686
106400 340.686
106500 340.686
106600 340.686
106700 340.686
106800 340.686
106900 340.686
107000 340.686
107100 340.686
107200 340.686
107300 340.686
107400 340.686
107500 340.686
107600 340.686
107700 340.686
107800 340.686
107900 340.686
108000 340.686
108100 340.686
108200 340.686
108300 340.686
108400 340.686
108500 340.686
108600 340.686
108700 340.686
108800 340.686
108900 340.686
109000 340.686
109100 340.686
109200 340.686
109300 340.686
109400 340.686
109500 340.686
109600 340.686
109700 340.686
109800 340.686
109900 340.686
110000 340.686
110100 340.686
110200 340.686
110300 340.686
110400 340.686
110500 340.686
110600 340.686
110700 340.686
110800 340.686
110900 340.686
111000 340.686
111100 340.686
111200 340.686
111300 340.686
111400 340.686
111500 340.686
111600 340.686
111700 340.686
111800 340.686
111900 340.686
112000 340.686
112100 340.686
112200 340.686
112300 340.686
112400 340.686
112500 340.686
112600 340.686
112700 340.686
112800 340.686
112900 340.686
113000 340.686
113100 340.686
113200 340.686
113300 340.686
113400 340.686
113500 340.686
113600 340.686
113700 340.686
113800 340.686
113900 340.686
114000 340.686
114100 340.686
114200 340.686
114300 340.686
114400 340.686
114500 340.686
114600 340.686
114700 340.686
114800 340.686
114900 340.686
115000 340.686
115100 340.686
115200 340.686
115300 340.686
115400 340.686
115500 340.686
115600 340.686
115700 340.686
115800 340.686
115900 340.686
116000 340.686
116100 340.686
116200 340.686
116300 340.686
116400 340.686
116500 340.686
116600 340.686
116700 340.686
116800 340.686
116900 340.686
117000 340.686
117100 340.686
117200 340.686
117300 340.686
117400 340.686
117500 340.686
117600 340.686
117700 340.686
117800 340.686
117900 340.686
118000 340.686
118100 340.686
118200 340.686
118300 340.686
118400 340.686
118500 340.686
118600 340.686
118700 340.686
118800 340.686
118900 340.686
119000 340.686
119100 340.686
119200 340.686
119300 340.686
119400 340.686
119500 340.686
119600 340.686
119700 340.686
119800 340.686
119900 340.686
120000 340.686
120100 340.686
120200 340.686
120300 340.686
120400 340.686
120500 340.686
120600 340.686
120700 340.686
120800 340.686
120900 340.686
121000 340.686
121100 340.686
121200 340.686
121300 340.686
121400 340.686
121500 340.686
121600 340.686
121700 340.686
121800 340.686
121900 340.686
122000 340.686
122100 340.686
122200 340.686
122300 340.686
122400 340.686
122500 340.686
122600 340.686
122700 340.686
122800 340.686
122900 340.686
123000 340.686
123100 340.686
123200 340.686
123300 340.686
123400 340.686
123500 340.686
123600 340.686
123700 340.686
123800 340.686
123900 340.686
124000 340.686
124100 340.686
124200 340.686
124300 340.686
124400 340.686
124500 340.686
124600 340.686
124700 340.686
124800 340.686
124900 340.686
125000 340.686
125100 340.686
125200 340.686
125300 340.686
125400 340.686
125500 340.686
125600 340.686
125700 340.686
125800 340.686
125900 340.686
126000 340.686
126100 340.686
126200 340.686
126300 340.686
126400 340.686
126500 340.686
126600 340.686
126700 340.686
126800 340.686
126900 340.686
127000 340.686
127100 340.686
127200 340.686
127300 340.686
127400 340.686
127500 340.686
127600 340.686
127700 340.686
127800 340.686
127900 340.686
128000 340.686
128100 340.686
128200 340.686
128300 340.686
128400 340.686
128500 340.686
128600 340.686
128700 340.686
128800 340.686
128900 340.686
129000 340.686
129100 340.686
129200 340.686
129300 340.686
129400 340.686
129500 340.686
129600 340.686
129700 340.686
129800 340.686
129900 340.686
130000 340.686
130100 340.686
130200 340.686
130300 340.686
130400 340.686
130500 340.686
130600 340.686
130700 340.686
130800 340.686
130900 340.686
131000 340.686
131100 340.686
131200 340.686
131300 340.686
131400 340.686
131500 340.686
131600 340.686
131700 340.686
131800 340.686
131900 340.686
132000 340.686
132100 340.686
132200 340.686
132300 340.686
132400 340.686
132500 340.686
132600 340.686
132700 340.686
132800 340.686
132900 340.686
133000 340.686
133100 340.686
133200 340.686
133300 340.686
133400 340.686
133500 340.686
133600 340.686
133700 340.686
133800 340.686
133900 340.686
134000 340.686
134100 340.686
134200 340.686
134300 340.686
134400 340.686
134500 340.686
134600 340.686
134700 340.686
134800 340.686
134900 340.686
135000 340.686
135100 340.686
135200 340.686
135300 340.686
135400 340.686
135500 340.686
135600 340.686
135700 340.686
135800 340.686
135900 340.686
136000 340.686
136100 340.686
136200 340.686
136300 340.686
136400 340.686
136500 340.686
136600 340.686
136700 340.686
136800 340.686
136900 340.686
137000 340.686
137100 340.686
137200 340.686
137300 340.686
137400 340.686
137500 340.686
137600 340.686
137700 340.686
137800 340.686
137900 340.686
138000 340.686
138100 340.686
138200 340.686
138300 340.686
138400 340.686
138500 340.686
138600 340.686
138700 340.686
138800 340.686
138900 340.686
139000 340.686
139100 340.686
139200 340.686
139300 340.686
139400 340.686
139500 340.686
139600 340.686
139700 340.686
139800 340.686
139900 340.686
140000 340.686
140100 340.686
140200 340.686
140300 340.686
140400 340.686
140500 340.686
140600 340.686
140700 340.686
140800 340.686
140900 340.686
141000 340.686
141100 340.686
141200 340.686
141300 340.686
141400 340.686
141500 340.686
141600 340.686
141700 340.686
141800 340.686
141900 340.686
142000 340.686
142100 340.686
142200 340.686
142300 340.686
142400 340.686
142500 340.686
142600 340.686
142700 340.686
142800 340.686
142900 340.686
143000 340.686
143100 340.686
143200 340.686
143300 340.686
143400 340.686
143500 340.686
143600 340.686
143700 340.686
143800 340.686
143900 340.686
144000 340.686
144100 340.686
144200 340.686
144300 340.686
144400 340.686
144500 340.686
144600 340.686
144700 340.686
144800 340.686
144900 340.686
145000 340.686
145100 340.686
145200 340.686
145300 340.686
145400 340.686
145500 340.686
145600 340.686
145700 340.686
145800 340.686
145900 340.686
146000 340.686
146100 340.686
146200 340.686
146300 340.686
146400 340.686
146500 340.686
146600 340.686
146700 340.686
146800 340.686
146900 340.686
147000 340.686
147100 340.686
147200 340.686
147300 340.686
147400 340.686
147500 340.686
147600 340.686
147700 340.686
147800 340.686
147900 340.686
148000 340.686
148100 340.686
148200 340.686
148300 340.686
148400 340.686
148500 340.686
148600 340.686
148700 340.686
148800 340.686
148900 340.686
149000 340.686
149100 340.686
149200 340.686
149300 340.686
149400 340.686
149500 340.686
149600 340.686
149700 340.686
149800 340.686
149900 340.686
150000 340.686
150100 340.686
150200 340.686
150300 340.686
150400 340.686
150500 340.686
150600 340.686
150700 340.686
150800 340.686
150900 340.686
151000 340.686
151100 340.686
151200 340.686
151300 340.686
151400 340.686
151500 340.686
151600 340.686
151700 340.686
151800 340.686
151900 340.686
152000 340.686
152100 340.686
152200 340.686
152300 340.686
152400 340.686
152500 340.686
152600 340.686
152700 340.686
152800 340.686
152900 340.686
153000 340.686
153100 340.686
153200 340.686
153300 340.686
153400 340.686
153500 340.686
153600 340.686
153700 340.686
153800 340.686
153900 340.686
154000 340.686
154100 340.686
154200 340.686
154300 340.686
154400 340.686
154500 340.686
154600 340.686
154700 340.686
154800 340.686
154900 340.686
155000 340.686
155100 340.686
155200 340.686
155300 340.686
155400 340.686
155500 340.686
155600 340.686
155700 340.686
155800 340.686
155900 340.686
156000 340.686
156100 340.686
156200 340.686
156300 340.686
156400 340.686
156500 340.686
156600 340.686
156700 340.686
156800 340.686
156900 340.686
157000 340.686
157100 340.686
157200 340.686
157300 340.686
157400 340.686
157500 340.686
157600 340.686
157700 340.686
157800 340.686
157900 340.686
158000 340.686
158100 340.686
158200 340.686
158300 340.686
158400 340.686
158500 340.686
158600 340.686
158700 340.686
158800 340.686
158900 340.686
159000 340.686
159100 340.686
159200 340.686
159300 340.686
159400 340.686
159500 340.686
159600 340.686
159700 340.686
159800 340.686
159900 340.686
160000 340.686
160100 340.686
160200 340.686
160300 340.686
160400 340.686
160500 340.686
160600 340.686
160700 340.686
160800 340.686
160900 340.686
161000 340.686
161100 340.686
161200 340.686
161300 340.686
161400 340.686
161500 340.686
161600 340.686
161700 340.686
161800 340.686
161900 340.686
162000 340.686
162100 340.686
162200 340.686
162300 340.686
162400 340.686
162500 340.686
162600 340.686
162700 340.686
162800 340.686
162900 340.686
163000 340.686
163100 340.686
163200 340.686
163300 340.686
163400 340.686
163500 340.686
163600 340.686
163700 340.686
163800 340.686
163900 340.686
164000 340.686
164100 340.686
164200 340.686
164300 340.686
164400 340.686
164500 340.686
164600 340.686
164700 340.686
164800 340.686
164900 340.686
165000 340.686
165100 340.686
165200 340.686
165300 340.686
165400 340.686
165500 340.686
165600 340.686
165700 340.686
165800 340.686
165900 340.686
166000 340.686
166100 340.686
166200 340.686
166300 340.686
166400 340.686
166500 340.686
166600 340.686
166700 340.686
166800 340.686
166900 340.686
167000 340.686
167100 340.686
167200 340.686
167300 340.686
167400 340.686
167500 340.686
167600 340.686
167700 340.686
167800 340.686
167900 340.686
168000 340.686
168100 340.686
168200 340.686
168300 340.686
168400 340.686
168500 340.686
168600 340.686
168700 340.686
168800 340.686
168900 340.686
169000 340.686
169100 340.686
169200 340.686
169300 340.686
169400 340.686
169500 340.686
169600 340.686
169700 340.686
169800 340.686
169900 340.686
170000 340.686
170100 340.686
170200 340.686
170300 340.686
170400 340.686
170500 340.686
170600 340.686
170700 340.686
170800 340.686
170900 340.686
171000 340.686
171100 340.686
171200 340.686
171300 340.686
171400 340.686
171500 340.686
171600 340.686
171700 340.686
171800 340.686
171900 340.686
172000 340.686
172100 340.686
172200 340.686
172300 340.686
172400 340.686
172500 340.686
172600 340.686
172700 340.686
172800 340.686
172900 340.686
173000 340.686
173100 340.686
173200 340.686
173300 340.686
173400 340.686
173500 340.686
173600 340.686
173700 340.686
173800 340.686
173900 340.686
174000 340.686
174100 340.686
174200 340.686
174300 340.686
174400 340.686
174500 340.686
174600 340.686
174700 340.686
174800 340.686
174900 340.686
175000 340.686
175100 340.686
175200 340.686
175300 340.686
175400 340.686
175500 340.686
175600 340.686
175700 340.686
175800 340.686
175900 340.686
176000 340.686
176100 340.686
176200 340.686
176300 340.686
176400 340.686
176500 340.686
176600 340.686
176700 340.686
176800 340.686
176900 340.686
177000 340.686
177100 340.686
177200 340.686
177300 340.686
177400 340.686
177500 340.686
177600 340.686
177700 340.686
177800 340.686
177900 340.686
178000 340.686
178100 340.686
178200 340.686
178300 340.686
178400 340.686
178500 340.686
178600 340.686
178700 340.686
178800 340.686
178900 340.686
179000 340.686
179100 340.686
179200 340.686
179300 340.686
179400 340.686
179500 340.686
179600 340.686
179700 340.686
179800 340.686
179900 340.686
180000 340.686
180100 340.686
180200 340.686
180300 340.686
180400 340.686
180500 340.686
180600 340.686
180700 340.686
180800 340.686
180900 340.686
181000 340.686
181100 340.686
181200 340.686
181300 340.686
181400 340.686
181500 340.686
181600 340.686
181700 340.686
181800 340.686
181900 340.686
182000 340.686
182100 340.686
182200 340.686
182300 340.686
182400 340.686
182500 340.686
182600 340.686
182700 340.686
182800 340.686
182900 340.686
183000 340.686
183100 340.686
183200 340.686
183300 340.686
183400 340.686
183500 340.686
183600 340.686
183700 340.686
183800 340.686
183900 340.686
184000 340.686
184100 340.686
184200 340.686
184300 340.686
184400 340.686
184500 340.686
184600 340.686
184700 340.686
184800 340.686
184900 340.686
185000 340.686
185100 340.686
185200 340.686
185300 340.686
185400 340.686
185500 340.686
185600 340.686
185700 340.686
185800 340.686
185900 340.686
186000 340.686
186100 340.686
186200 340.686
186300 340.686
186400 340.686
186500 340.686
186600 340.686
186700 340.686
186800 340.686
186900 340.686
187000 340.686
187100 340.686
187200 340.686
187300 340.686
187400 340.686
187500 340.686
187600 340.686
187700 340.686
187800 340.686
187900 340.686
188000 340.686
188100 340.686
188200 340.686
188300 340.686
188400 340.686
188500 340.686
188600 340.686
188700 340.686
188800 340.686
188900 340.686
189000 340.686
189100 340.686
189200 340.686
189300 340.686
189400 340.686
189500 340.686
189600 340.686
189700 340.686
189800 340.686
189900 340.686
190000 340.686
190100 340.686
190200 340.686
190300 340.686
190400 340.686
190500 340.686
190600 340.686
190700 340.686
190800 340.686
190900 340.686
191000 340.686
191100 340.686
191200 340.686
191300 340.686
191400 340.686
191500 340.686
191600 340.686
191700 340.686
191800 340.686
191900 340.686
192000 340.686
192100 340.686
192200 340.686
192300 340.686
192400 340.686
192500 340.686
192600 340.686
192700 340.686
192800 340.686
192900 340.686
193000 340.686
193100 340.686
193200 340.686
193300 340.686
193400 340.686
193500 340.686
193600 340.686
193700 340.686
193800 340.686
193900 340.686
194000 340.686
194100 340.686
194200 340.686
194300 340.686
194400 340.686
194500 340.686
194600 340.686
194700 340.686
194800 340.686
194900 340.686
195000 340.686
195100 340.686
195200 340.686
195300 340.686
195400 340.686
195500 340.686
195600 340.686
195700 340.686
195800 340.686
195900 340.686
196000 340.686
196100 340.686
196200 340.686
196300 340.686
196400 340.686
196500 340.686
196600 340.686
196700 340.686
196800 340.686
196900 340.686
197000 340.686
197100 340.686
197200 340.686
197300 340.686
197400 340.686
197500 340.686
197600 340.686
197700 340.686
197800 340.686
197900 340.686
198000 340.686
198100 340.686
198200 340.686
198300 340.686
198400 340.686
198500 340.686
198600 340.686
198700 340.686
198800 340.686
198900 340.686
199000 340.686
199100 340.686
199200 340.686
199300 340.686
199400 340.686
199500 340.686
199600 340.686
199700 340.686
199800 340.686
199900 340.686
200000 340.686
